DY
786
11
attr0;attr1;attr2;attr3;attr4;attr5;attr6;attr7;attr8;attr9;attr10
10/1/10.jpg;4.341172;2.001338e+00;0.743449;4.005837e+00;4.166342;1.814734e+00;0.393258;3.098684e-01;0.206501;0
10/2/10.jpg;6.793897;1.998718e-01;0.389372;3.082611e+00;3.164081;1.274454e+00;0.369691;2.613573e-01;0.174451;0
10/3/10.jpg;6.730124;3.588253e+00;3.272697;2.223792e+00;2.234794;9.795159e-01;0.222236;1.488565e-01;0.097086;0
10/4/10.jpg;8.981645;1.354628e-01;0.377608;1.493111e+00;1.515786;6.615807e-01;0.314034;1.668340e-01;0.092633;0
10/5/10.jpg;5.068696;7.103896e+00;1.503571;4.552985e+00;4.266126;2.378672e+00;0.625489;6.262805e-01;0.504969;0
10/6/10.jpg;7.469415;2.286296e+00;1.628419;2.378443e+00;2.400872;1.046234e+00;0.191173;1.173418e-01;0.078027;0
11/7/11.jpg;4.277287;4.689561e-01;0.613943;3.829218e+00;4.280950;2.076191e+00;0.551835;4.480687e-01;0.297479;0
11/8/11.jpg;6.148430;2.823883e+00;1.834825;3.671543e+00;4.595876;2.148485e+00;0.018226;1.996711e-02;0.036743;0
11/9/11.jpg;8.507633;3.460268e-01;0.487029;3.631331e+00;3.693452;1.825967e+00;0.087277;3.881406e-02;0.040098;0
11/10/11.jpg;7.196717;-4.244354e-03;3.175476;3.980905e+00;4.152944;2.695538e+00;0.107459;5.590311e-02;0.050790;0
11/11/11.jpg;6.139463;-1.935635e+00;-2.113874;5.152050e+00;6.264494;3.199352e+00;0.417818;4.537610e-01;0.463979;0
12/12/12.jpg;3.070458;1.735570e+00;0.423660;3.280790e+00;2.859869;1.538895e+00;0.699879;5.530864e-01;0.350543;0
12/13/12.jpg;4.208752;4.764065e+00;1.388464;2.976898e+00;2.696478;1.208102e+00;0.748055;6.800181e-01;0.482354;0
12/14/12.jpg;6.556457;-1.055793e-01;1.473031;5.013204e+00;4.516389;2.152134e+00;0.239741;1.714643e-01;0.116809;0
12/15/12.jpg;6.506245;2.953971e+00;1.803496;2.804946e+00;2.764212;1.198258e+00;0.286444;1.768931e-01;0.111828;0
12/16/12.jpg;4.626129;2.768200e-01;0.988008;5.611278e+00;5.604850;2.521682e+00;0.318191;2.055911e-01;0.124551;0
12/17/12.jpg;5.851831;7.798503e+00;2.015901;2.374514e+00;1.839669;1.009266e+00;0.425495;4.173531e-01;0.355199;0
12/18/12.jpg;8.725036;1.778596e-01;0.363308;2.524522e+00;2.729621;1.089540e+00;0.069823;5.167505e-02;0.050939;0
12/19/12.jpg;8.079291;1.777488e+00;5.626493;2.770421e+00;3.154221;1.412014e+00;0.531295;7.044841e-01;0.840945;0
13/20/13.jpg;3.452934;1.171982e+00;0.494124;5.431913e+00;6.666411;3.600644e+00;0.182186;1.042149e-01;0.068190;0
13/21/13.jpg;6.020133;-8.203666e-01;3.465223;5.801769e+00;5.223233;3.878495e+00;0.288207;1.969973e-01;0.126788;0
13/22/13.jpg;4.685978;4.087273e+00;1.409549;6.007638e+00;6.325777;3.411688e+00;0.547859;4.208044e-01;0.260446;0
13/23/13.jpg;6.672411;5.547263e-01;0.572000;5.688335e+00;6.526953;3.126236e+00;0.467932;3.508618e-01;0.224365;0
13/24/13.jpg;5.202880;-1.094972e-01;-1.725890;7.510449e+00;7.724081;5.071806e+00;0.899642;8.622370e-01;0.676665;0
13/25/13.jpg;7.743559;1.482080e+00;3.784253;3.594025e+00;7.201664;2.544906e+00;0.320360;2.593940e-01;0.185121;0
13/26/13.jpg;6.093806;2.087394e+00;1.727878;5.606160e+00;7.466096;3.375842e+00;0.214567;1.526868e-01;0.102759;0
13/27/13.jpg;8.634097;1.520131e-01;0.008499;3.401042e+00;4.912556;1.937456e+00;0.357002;2.542365e-01;0.174176;0
14/28/14.jpg;5.485362;2.031906e-01;1.043230;3.767905e+00;4.389268;2.378822e+00;0.029648;1.776417e-02;0.035425;0
14/29/14.jpg;8.469798;-1.131120e+00;3.968348;2.440520e+00;2.107135;1.588226e+00;0.080424;8.938587e-02;0.076085;0
14/30/14.jpg;8.086923;-1.359669e-02;0.615293;3.225374e+00;3.198646;1.944569e+00;0.098447;6.338971e-02;0.056544;0
15/31/15.jpg;8.919926;1.046302e-01;0.200767;1.571031e+00;1.823966;7.550588e-01;0.135144;9.104344e-02;0.072400;0
15/32/15.jpg;2.736549;1.023352e+00;0.363933;3.810971e+00;4.126427;2.503738e+00;0.322276;2.183074e-01;0.140314;0
15/33/15.jpg;6.572032;3.548117e+00;2.907658;3.988196e+00;4.972969;1.921679e+00;0.362017;2.761484e-01;0.181403;0
15/34/15.jpg;3.963227;4.464795e+00;1.277031;2.664958e+00;3.019868;1.374934e+00;0.063462;3.836731e-02;0.043399;0
15/35/15.jpg;8.154990;1.286515e+00;2.374962;3.670256e+00;4.103307;1.619318e+00;0.415494;3.337542e-01;0.231120;0
15/36/15.jpg;6.139246;4.835372e-01;1.029645;3.867640e+00;5.932574;2.082515e+00;0.510639;3.660853e-01;0.221251;0
15/37/15.jpg;8.322167;1.754444e+00;5.302768;2.979714e+00;3.717458;1.428645e+00;0.414237;3.659132e-01;0.275558;0
15/38/15.jpg;5.015086;7.839267e+00;1.982241;4.259930e+00;3.763614;2.225267e+00;0.125855;1.245353e-01;0.103773;0
15/39/15.jpg;8.112830;-8.329102e-01;-1.187402;1.453981e+00;1.197117;5.254635e-01;0.246104;2.119143e-01;0.157384;0
15/40/15.jpg;4.609031;1.948647e+00;1.664616;4.655739e+00;6.474328;2.353098e+00;0.319907;2.373611e-01;0.152442;0
16/41/16.jpg;2.843971;1.711387e+00;-0.125999;1.933348e+00;2.247569;9.571156e-01;0.508395;3.810305e-01;0.243559;0
16/42/16.jpg;6.115539;2.188887e+00;0.408784;3.080988e+00;3.189880;1.570591e+00;0.095865;4.350999e-02;0.041279;0
16/43/16.jpg;4.118038;4.611197e+00;0.143053;2.165340e+00;2.298375;1.063726e+00;0.125432;7.579222e-02;0.062874;0
16/44/16.jpg;7.793073;1.260173e+00;0.635394;3.448768e+00;3.424335;2.039784e+00;0.071040;3.495724e-02;0.040021;0
17/45/17.jpg;2.286074;4.381462e-01;-0.290775;1.832877e+00;1.451860;7.376023e-01;0.653207;7.408612e-01;0.630702;0
17/46/17.jpg;6.436765;9.604857e-01;2.313428;5.734824e+00;4.756855;3.111588e+00;0.079890;7.684927e-02;0.069094;0
17/47/17.jpg;5.004466;1.206575e+00;0.105446;4.296575e+00;3.392879;1.827832e+00;0.265573;1.771825e-01;0.111837;0
17/48/17.jpg;8.751783;2.577735e-01;-0.096918;4.166222e+00;3.301560;1.822184e+00;0.207253;1.554627e-01;0.125628;0
17/49/17.jpg;3.578991;1.769062e+00;-0.195041;3.272232e+00;2.471763;1.287592e+00;0.271518;1.919501e-01;0.139372;0
17/50/17.jpg;6.398452;3.320367e+00;2.327582;4.413587e+00;3.504158;2.214370e+00;0.029685;2.537798e-02;0.039780;0
18/51/18.jpg;2.652468;3.853392e-01;0.102375;7.663729e-01;0.955283;4.768409e-01;0.360089;1.855231e-01;0.094318;0
18/52/18.jpg;7.149553;1.581232e+00;1.597894;4.414310e+00;4.202985;2.619832e+00;0.167221;1.220241e-01;0.090721;0
18/53/18.jpg;5.067649;4.189656e+00;2.110585;4.943618e+00;5.116160;3.133771e+00;0.097703;9.541015e-02;0.087021;0
18/54/18.jpg;5.490569;1.251936e+01;-0.042244;7.475005e-01;1.200274;4.134288e-01;-0.014647;9.534235e-05;0.029091;0
18/55/18.jpg;3.698359;2.094772e+00;0.747116;3.182063e+00;3.568270;2.108906e+00;0.195092;1.135815e-01;0.073610;0
18/56/18.jpg;8.175092;9.715459e-02;-0.480783;3.351665e+00;3.240153;2.313090e+00;0.509107;3.913212e-01;0.253508;0
19/57/19.jpg;4.601243;6.088675e-01;1.007299;6.491596e+00;7.623195;4.097792e+00;0.092133;8.151878e-02;0.085811;0
19/58/19.jpg;7.398373;2.451776e+00;2.204444;4.772913e+00;3.997988;2.511432e+00;0.091824;6.424388e-02;0.058083;0
19/59/19.jpg;6.505569;7.052152e-01;0.762213;4.950770e+00;5.882001;3.298324e+00;0.017890;1.308737e-02;0.032923;0
19/60/19.jpg;8.592185;4.469615e-01;0.299522;5.040338e+00;5.649112;3.188613e+00;0.188639;1.728003e-01;0.159991;0
20/61/20.jpg;3.219440;9.999077e-01;0.037758;1.995775e+00;2.297557;8.566367e-01;0.445174;2.736896e-01;0.150334;0
20/62/20.jpg;7.417047;1.000026e+00;0.313965;2.663903e+00;2.113797;9.478666e-01;0.047795;2.174690e-02;0.034710;0
20/63/20.jpg;5.198899;2.585825e+00;0.761735;3.438097e+00;3.195993;1.307805e+00;0.134754;7.939953e-02;0.061240;0
111/64/111.jpg;3.096902;2.968750e-01;-0.582122;6.902436e+00;9.136943;5.354559e+00;0.186745;1.291892e-01;0.091039;0
111/65/111.jpg;5.709996;-1.940622e+00;-4.586869;2.155987e+00;2.874905;1.704083e+00;0.294669;1.723501e-01;0.104313;0
111/66/111.jpg;6.191988;7.595146e-01;2.886436;5.339481e+00;4.908550;3.466440e+00;0.468310;3.028304e-01;0.166899;0
111/67/111.jpg;7.200215;-2.311490e+00;-2.321146;2.265244e+00;1.864555;1.194128e+00;0.184730;1.430907e-01;0.113162;0
111/68/111.jpg;4.663533;-1.371850e+00;1.830450;7.004632e+00;6.983248;4.896990e+00;0.261676;1.503575e-01;0.091565;0
111/69/111.jpg;4.858801;-3.082875e+00;-7.428027;8.799573e-01;0.789467;5.875730e-01;0.100731;6.848061e-02;0.061554;0
111/70/111.jpg;8.096373;2.385902e-01;0.063655;3.533962e+00;2.583593;1.557323e+00;0.140711;1.300311e-01;0.099880;0
111/71/111.jpg;6.494500;-4.447800e+00;-4.855679;1.078012e+00;0.991193;5.928313e-01;0.079888;5.985795e-02;0.057013;0
112/72/112.jpg;5.220566;1.650023e+00;0.469287;3.568607e+00;3.534052;2.313731e+00;-0.022842;-1.044262e-02;0.024146;0
112/73/112.jpg;7.523098;-2.511753e+00;-3.097694;1.535098e+00;0.822219;5.795395e-01;-0.022851;-1.769902e-03;0.031089;0
112/74/112.jpg;8.099583;3.893589e-01;0.573160;2.737932e+00;3.385301;1.875263e+00;0.124928;8.653780e-02;0.070707;0
112/75/112.jpg;5.739388;-3.831227e+00;-7.262255;3.735043e-01;0.167721;1.607897e-01;0.013799;2.619154e-02;0.044842;0
113/76/113.jpg;7.180116;-9.148952e-01;-1.533896;3.885069e+00;1.886271;1.535489e+00;-0.034964;-1.306056e-02;0.023916;0
113/77/113.jpg;4.264223;3.312625e-01;-0.218400;1.573128e+01;14.563078;1.211541e+01;0.131207;1.506356e-01;0.119301;0
114/78/114.jpg;2.527330;3.428482e-01;0.122438;1.104880e+01;10.774927;8.343465e+00;0.423742;4.257511e-01;0.332174;0
114/79/114.jpg;4.759079;-1.167002e+00;0.906879;9.819551e+00;9.551651;7.325990e+00;0.168200;1.310230e-01;0.095176;0
114/80/114.jpg;4.918521;-1.950229e+00;-5.029636;3.113555e+00;3.191190;2.326051e+00;0.099973;1.161171e-01;0.096838;0
114/81/114.jpg;8.697565;-4.596199e-01;-0.410026;3.346704e+00;2.202840;1.617530e+00;0.329604;1.887251e-01;0.109498;0
114/82/114.jpg;4.777909;1.860064e+00;0.656292;8.640990e+00;9.152690;6.364716e+00;0.221532;1.833179e-01;0.140985;0
114/83/114.jpg;6.360887;5.711562e-02;1.236145;8.296503e+00;7.583548;5.850408e+00;0.143272;7.556026e-02;0.058472;0
115/84/115.jpg;6.827257;-3.037098e+00;-1.303042;1.071741e+00;0.843471;6.175648e-01;0.349445;3.142011e-01;0.237743;0
115/85/115.jpg;4.144579;-2.614922e+00;1.702929;6.075714e+00;5.682151;3.965513e+00;0.183725;1.499819e-01;0.108371;0
115/86/115.jpg;8.480419;3.055888e-01;0.398486;2.585256e+00;2.050471;1.215479e+00;0.045349;5.604919e-02;0.057670;0
115/87/115.jpg;5.910554;-1.673598e+00;0.587382;7.208128e+00;6.576892;4.495394e+00;0.105446;8.955456e-02;0.075330;0
115/88/115.jpg;7.973801;-1.204902e+00;-0.306086;1.220405e+00;0.917388;6.484861e-01;0.176498;1.507198e-01;0.108369;0
116/89/116.jpg;3.222643;8.493897e-01;-1.165046;9.741668e+00;8.034293;4.654120e+00;1.113317;1.472030e+00;1.876231;0
116/90/116.jpg;5.863952;2.444930e+00;1.405627;9.945318e+00;7.264726;4.623150e+00;0.175942;1.032033e-01;0.075855;0
116/91/116.jpg;5.160903;-6.265762e-01;-3.600489;2.936981e+00;1.377133;1.179357e+00;0.046354;2.594767e-02;0.038930;0
116/92/116.jpg;7.568899;1.207121e+00;0.696884;6.301343e+00;5.342369;3.119896e+00;0.080163;3.746304e-02;0.039919;0
116/93/116.jpg;5.685001;7.597795e-01;-0.488837;6.042139e+00;5.013737;3.020382e+00;0.328640;2.715961e-01;0.197953;0
116/94/116.jpg;5.795223;5.579824e+00;2.034054;6.417452e+00;4.255809;2.918794e+00;0.109447;7.009104e-02;0.059555;0
117/95/117.jpg;4.936121;8.249152e-01;0.455641;1.633459e+01;10.999341;8.135008e+00;0.304132;2.680745e-01;0.202807;0
117/96/117.jpg;8.355097;-1.039659e+00;-0.938435;1.917125e+00;1.070325;8.014292e-01;-0.012552;4.164801e-03;0.031104;0
117/97/117.jpg;7.991980;2.869203e-01;0.362469;6.399110e+00;4.510812;3.379432e+00;0.064310;4.903634e-02;0.050016;0
118/98/118.jpg;5.987033;-4.444629e-01;-1.314140;3.487551e+00;2.008303;1.589741e+00;0.022817;1.727348e-02;0.035843;0
118/99/118.jpg;8.309040;-1.392022e-01;-1.196548;1.893522e+00;1.078035;7.784953e-01;0.090933;6.715091e-02;0.057106;0
118/100/118.jpg;6.794083;8.698886e-01;0.519459;1.021177e+01;6.871144;4.444272e+00;0.050492;3.297924e-02;0.043366;0
119/101/119.jpg;4.179602;-1.837957e+00;-0.552688;8.009182e+00;6.280694;4.269761e+00;0.016172;2.413720e-02;0.040638;0
119/102/119.jpg;8.480786;4.209559e-01;1.164350;3.733732e+00;3.239858;2.129822e+00;-0.000910;1.570729e-02;0.036512;0
119/103/119.jpg;7.105194;-2.219157e+00;-2.826632;1.136195e+00;0.818003;7.158900e-01;0.113686;8.707774e-02;0.074603;0
120/104/120.jpg;7.923591;2.341832e-01;0.270852;2.635477e+00;1.745270;1.266431e+00;0.003853;-5.264457e-04;0.026800;0
120/105/120.jpg;5.856721;-9.569935e-01;-1.097753;3.663702e+00;2.236725;1.558596e+00;0.193295;1.300866e-01;0.086530;0
121/106/121.jpg;7.665131;4.445796e-01;0.166667;6.520916e+00;5.532037;3.187847e+00;0.070593;6.356571e-02;0.057776;0
121/107/121.jpg;5.204219;1.915183e-01;-1.932586;2.639944e+00;1.401789;1.020695e+00;-0.016948;-3.363935e-03;0.027367;0
200/108/200.jpg;6.507408;-1.575464e+00;-1.740767;6.765971e-01;0.544938;3.888617e-01;0.052653;5.678634e-02;0.057246;1
200/109/200.jpg;2.972592;9.049149e-02;1.017845;8.908794e+00;10.071022;5.951670e+00;0.241369;1.659658e-01;0.113560;1
200/110/200.jpg;6.627816;6.545004e-01;1.656088;8.006792e+00;7.615286;4.181445e+00;0.019872;1.430246e-02;0.033433;1
201/111/201.jpg;2.523201;3.168821e-02;0.266382;6.948732e+00;6.844070;3.605231e+00;0.069029;5.092875e-02;0.050670;1
201/112/201.jpg;8.321268;-8.131906e-01;-0.368808;1.664650e+00;1.613689;9.684096e-01;0.163547;1.041232e-01;0.072981;1
201/113/201.jpg;5.623016;1.174610e-01;0.505033;8.957954e+00;8.787789;4.353199e+00;0.079327;4.199187e-02;0.043445;1
202/114/202.jpg;4.716778;-7.544677e-02;1.132522;9.886475e+00;11.006673;7.144153e+00;0.095966;7.455373e-02;0.067252;1
202/115/202.jpg;7.944196;-1.260803e+00;-3.022193;4.741133e-01;0.573616;2.623495e-01;0.041853;2.994188e-02;0.040252;1
202/116/202.jpg;7.554089;3.592632e-01;0.629398;6.808902e+00;8.511499;4.491556e+00;0.069314;4.851360e-02;0.048898;1
203/117/203.jpg;3.436889;4.967247e-01;0.752225;1.027997e+01;9.300339;5.799697e+00;0.154501;8.506095e-02;0.063104;1
203/118/203.jpg;7.194800;8.629098e-01;1.397976;8.146272e+00;7.605289;4.279925e+00;0.016941;1.001174e-02;0.031438;1
203/119/203.jpg;7.786070;-1.516525e+00;-2.736617;1.725247e+00;1.193943;7.585635e-01;0.144716;1.482092e-01;0.113956;1
204/120/204.jpg;4.451598;5.753742e-01;0.621051;1.111351e+01;13.276182;7.507521e+00;0.152332;8.776548e-02;0.062798;1
204/121/204.jpg;7.035751;-2.144514e+00;-4.494705;4.899189e-01;0.260067;2.892767e-01;0.010739;1.553320e-02;0.034906;1
204/122/204.jpg;7.475155;8.378514e-01;0.961693;6.982107e+00;6.769526;4.439264e+00;-0.015044;-7.277900e-03;0.024919;1
205/123/205.jpg;4.041300;1.781845e-01;0.417896;1.270389e+01;12.732507;7.597723e+00;0.306118;2.129403e-01;0.145267;1
205/124/205.jpg;6.402683;-1.900093e+00;-4.749325;7.169316e-01;0.499524;4.613059e-01;0.091649;5.158088e-02;0.047875;1
205/125/205.jpg;7.787897;3.025550e-01;0.400492;8.615200e+00;8.280003;4.967610e+00;0.013458;1.324920e-02;0.034197;1
206/126/206.jpg;2.219611;1.223977e-01;0.473044;5.555525e+00;6.987600;3.652126e+00;0.244719;1.568853e-01;0.103438;1
206/127/206.jpg;5.974606;7.585487e-01;1.645889;6.618445e+00;6.677588;3.484164e+00;0.225040;1.207624e-01;0.074956;1
206/128/206.jpg;5.149900;-1.951253e+00;-4.404527;3.150028e+00;2.859162;1.649584e+00;0.552558;5.201079e-01;0.410074;1
206/129/206.jpg;7.995259;3.849658e-01;0.527571;6.020746e+00;6.073688;3.343440e+00;0.059345;3.055613e-02;0.038558;1
207/130/207.jpg;2.542379;2.830410e-01;0.297484;3.962820e+00;5.304212;2.486712e+00;0.132825;1.003390e-01;0.077849;1
207/131/207.jpg;8.861399;3.036487e-01;0.474213;1.663082e+00;3.335384;1.046518e+00;0.114186;5.348741e-02;0.045533;1
207/132/207.jpg;5.860591;7.875134e-01;1.062433;4.334944e+00;7.221762;2.133249e+00;0.098431;6.117961e-02;0.054206;1
208/133/208.jpg;7.683913;5.061125e-01;0.805926;2.523498e+00;5.972569;1.521193e+00;0.036520;1.639441e-02;0.032797;1
208/134/208.jpg;3.531592;3.083748e-01;0.995155;4.274885e+00;4.896995;2.179551e+00;0.108618;5.497898e-02;0.047116;1
209/135/209.jpg;4.303162;-1.642643e-01;-0.873441;4.970176e+00;5.108167;2.868314e+00;0.035885;1.870467e-02;0.034288;1
209/136/209.jpg;8.867701;3.232116e-01;0.758781;3.630632e+00;3.663505;2.012563e+00;0.251307;1.413537e-01;0.082980;1
209/137/209.jpg;6.212296;3.615534e-01;0.651274;7.949217e+00;7.417377;4.251473e+00;0.143723;7.520827e-02;0.055269;1
210/138/210.jpg;4.100476;1.765743e-01;0.598957;7.899566e+00;7.879249;4.440082e+00;0.134196;7.922136e-02;0.059080;1
210/139/210.jpg;8.870383;-4.373149e-02;0.028603;3.363890e+00;3.002594;1.776294e+00;0.263799;1.670619e-01;0.104034;1
210/140/210.jpg;6.765775;5.272364e-01;1.765163;8.467267e+00;7.636159;4.441989e+00;0.029202;2.623361e-02;0.039678;1
211/141/211.jpg;2.677798;1.577340e-01;0.276441;7.393935e+00;7.402224;4.837366e+00;0.197275;1.318526e-01;0.090618;1
211/142/211.jpg;6.103784;5.257706e-01;0.583087;1.331161e+01;10.124244;6.420898e+00;0.161429;9.718946e-02;0.070145;1
211/143/211.jpg;4.920574;-2.107607e+00;-5.227414;1.856341e+00;1.265835;8.888363e-01;0.388669;2.989391e-01;0.199843;1
211/144/211.jpg;8.581788;3.772161e-01;0.189341;6.502512e+00;5.646015;3.619204e+00;0.108396;5.377940e-02;0.047386;1
212/145/212.jpg;2.366602;1.257314e-01;-0.030838;4.926803e+00;4.559725;2.700511e+00;0.024967;4.899422e-02;0.072642;1
212/146/212.jpg;7.267903;8.469885e-01;2.262241;8.484489e+00;7.586841;5.536445e+00;0.143428;8.698598e-02;0.064312;1
212/147/212.jpg;5.180759;3.072281e-01;1.616487;1.022637e+01;10.744208;6.959258e+00;0.076120;4.147903e-02;0.043314;1
212/148/212.jpg;8.096215;2.282580e-01;0.368827;3.996726e+00;4.787529;2.488595e+00;0.258192;1.414410e-01;0.089225;1
213/149/213.jpg;4.207218;-6.730218e-03;0.155325;1.031603e+01;10.858989;5.613572e+00;0.249349;1.958840e-01;0.155886;1
213/150/213.jpg;4.869938;-2.358108e+00;-4.409903;5.044448e-01;0.526313;3.264709e-01;-0.018752;-1.153644e-02;0.023150;1
213/151/213.jpg;7.817220;2.527941e-01;0.412270;5.818569e+00;7.823893;3.079062e+00;0.083224;6.597347e-02;0.065537;1
214/152/214.jpg;3.731285;-9.695281e-02;-0.016667;6.103780e+00;9.450911;3.760695e+00;0.153081;9.276178e-02;0.065953;1
214/153/214.jpg;6.282454;-2.022632e+00;-4.623489;6.801391e-01;1.097381;4.486316e-01;0.045784;2.688882e-02;0.037978;1
214/154/214.jpg;7.703954;2.330054e-01;0.151143;5.162577e+00;11.219805;3.652622e+00;0.170283;9.893342e-02;0.068550;1
215/155/215.jpg;3.102554;-1.016584e-01;0.663007;7.686725e+00;7.764263;5.175036e+00;0.025648;2.254780e-02;0.038637;1
215/156/215.jpg;6.326855;-2.234526e+00;-4.733823;3.208241e-01;0.247632;1.991822e-01;-0.015840;2.030042e-04;0.029073;1
215/157/215.jpg;7.512321;6.104655e-01;1.076098;6.943059e+00;7.780923;3.623461e+00;0.040732;2.167632e-02;0.034912;1
215/158/215.jpg;7.670124;-1.613698e+00;-3.343858;9.557828e-01;0.788125;6.059001e-01;-0.026059;-6.995748e-03;0.026891;1
216/159/216.jpg;3.603090;2.066734e-01;0.516447;1.045937e+01;7.239452;4.827522e+00;0.104016;6.850357e-02;0.055974;1
216/160/216.jpg;8.221042;3.572654e-01;0.308482;8.804535e+00;5.283020;3.511344e+00;0.048955;2.349958e-02;0.035731;1
216/161/216.jpg;4.557252;-2.009794e+00;-5.373714;1.571602e+00;0.426489;4.785247e-01;0.192035;2.184299e-01;0.167872;1
217/162/217.jpg;3.157218;3.776099e-01;0.580017;7.540562e+00;7.017718;4.470559e+00;0.148181;6.908742e-02;0.049380;1
217/163/217.jpg;8.952291;-5.970781e-01;-0.761057;2.082738e+00;1.355621;1.089799e+00;0.127457;1.206408e-01;0.118580;1
217/164/217.jpg;7.275542;9.489676e-01;1.573079;7.261882e+00;6.487664;4.339422e+00;0.020934;7.619006e-03;0.029262;1
218/165/218.jpg;2.718416;1.483691e-01;-0.465762;5.865733e+00;5.450168;2.922649e+00;0.036530;6.142534e-02;0.099491;1
218/166/218.jpg;5.831070;9.579075e-01;1.325649;1.489361e+01;8.532623;5.266077e+00;0.288951;2.052106e-01;0.137122;1
218/167/218.jpg;7.802056;-6.133798e-01;-2.229334;1.530753e+00;1.460819;9.562808e-01;0.065406;7.109593e-02;0.064735;1
218/168/218.jpg;8.346156;1.460050e+00;6.022610;4.119296e+00;3.864201;2.005723e+00;0.049437;5.544637e-02;0.056383;1
218/169/218.jpg;4.044001;1.338635e+00;1.127773;1.761403e+01;7.736619;5.129736e+00;0.281575;2.473024e-01;0.176817;1
218/170/218.jpg;7.581718;5.519218e-01;0.598670;9.562100e+00;7.833992;4.696074e+00;0.189687;1.489819e-01;0.113902;1
219/171/219.jpg;3.699378;1.366361e-01;0.597922;7.508894e+00;7.037473;3.544206e+00;0.097556;6.438819e-02;0.062802;1
219/172/219.jpg;8.033778;-9.717215e-01;-2.732911;7.117477e-01;0.446180;3.527199e-01;0.007866;2.224650e-02;0.042076;1
219/173/219.jpg;7.488852;8.931262e-01;1.157024;7.274471e+00;7.103410;3.369033e+00;-0.015698;-3.494709e-05;0.029618;1
220/174/220.jpg;5.234287;4.918800e-01;0.226142;1.049562e+01;11.835516;6.938297e+00;0.559734;5.492604e-01;0.469463;1
220/175/220.jpg;5.893045;-1.755734e+00;-5.230071;4.416292e-01;0.615501;2.891694e-01;0.012943;1.725713e-03;0.027666;1
220/176/220.jpg;8.348383;2.370621e-01;-0.425406;4.098935e+00;4.725175;2.736137e+00;0.120133;6.887794e-02;0.058855;1
221/177/221.jpg;7.959332;1.597813e-01;0.564302;7.823063e+00;7.721041;5.138330e+00;-0.045273;-2.006440e-02;0.021341;1
221/178/221.jpg;4.206823;-2.019425e-01;0.010352;1.205378e+01;12.765815;7.991978e+00;0.031482;2.366598e-02;0.037446;1
222/179/222.jpg;4.912436;8.315304e-01;0.962014;8.468215e+00;7.714442;4.090147e+00;0.043363;4.556898e-02;0.056452;1
222/180/222.jpg;7.213415;-1.846358e+00;-4.130680;3.624341e-01;0.110776;1.036765e-01;0.118428;1.343928e-01;0.107959;1
222/181/222.jpg;7.593947;7.963587e-01;0.727759;7.868673e+00;5.343644;3.167029e+00;0.006938;8.842085e-03;0.032592;1
222/182/222.jpg;7.655037;-1.395092e+00;-3.364173;2.580459e+00;1.771929;1.477803e+00;0.196236;2.402667e-01;0.197934;1
223/183/223.jpg;2.550552;-8.792354e-02;-0.017781;7.494064e+00;8.250317;6.007379e+00;0.251926;1.597544e-01;0.098998;1
223/184/223.jpg;6.780271;5.593630e-01;2.690725;5.363516e+00;4.911046;2.956568e+00;0.018290;1.474954e-02;0.035126;1
223/185/223.jpg;4.451098;-7.134107e-01;1.553131;7.765126e+00;7.319684;4.454813e+00;0.170403;1.128662e-01;0.083646;1
223/186/223.jpg;9.203537;-1.309109e-02;0.002873;2.470049e+00;2.837403;1.777543e+00;0.005307;4.709132e-03;0.029942;1
224/187/224.jpg;3.463038;-8.501427e-02;0.599479;7.981732e+00;8.015914;4.679210e+00;0.035790;3.049748e-02;0.042526;1
224/188/224.jpg;6.407064;-1.909706e+00;-4.941609;4.847690e-01;0.555979;2.869096e-01;-0.028598;-1.647992e-02;0.021817;1
224/189/224.jpg;8.022448;6.932076e-01;1.016987;6.489620e+00;6.809872;3.243803e+00;0.138144;9.604540e-02;0.079794;1
225/190/225.jpg;3.147765;-1.630839e-01;0.015924;6.626575e+00;5.354188;3.298522e+00;0.121948;1.380494e-01;0.160737;1
225/191/225.jpg;5.880421;1.258507e-01;1.683605;6.733595e+00;6.091640;3.704094e+00;0.108617;5.940051e-02;0.050561;1
225/192/225.jpg;5.794544;-5.789984e-01;-0.494035;4.431783e+00;3.350586;2.069817e+00;0.171204;9.800010e-02;0.066791;1
225/193/225.jpg;8.512808;1.988427e-01;0.129981;5.165338e+00;3.947623;2.476346e+00;0.146293;8.449417e-02;0.064792;1
226/194/226.jpg;4.314029;2.718486e-02;-0.049818;7.087206e+00;7.478139;4.461550e+00;0.204055;1.140009e-01;0.073687;1
226/195/226.jpg;7.630630;7.676234e-01;0.866557;6.272188e+00;5.793941;3.377754e+00;0.074371;2.691026e-02;0.034354;1
226/196/226.jpg;5.313693;-2.160290e-01;2.266042;8.499887e+00;8.602202;5.758454e+00;0.103273;7.446329e-02;0.065200;1
226/197/226.jpg;8.922637;-4.296137e-01;-0.973896;5.288112e-01;0.445383;3.172134e-01;0.004015;1.766953e-02;0.037099;1
227/198/227.jpg;2.306696;2.071418e-01;-0.044242;4.182168e+00;4.447519;2.503417e+00;0.122482;8.894765e-02;0.081104;1
227/199/227.jpg;5.590318;-1.988475e+00;-4.980246;5.396460e-01;0.524490;2.956108e-01;0.090512;7.961123e-02;0.066842;1
227/200/227.jpg;6.994176;1.110335e+00;1.799623;8.518071e+00;8.511726;4.613480e+00;-0.013397;-1.803379e-03;0.027590;1
227/201/227.jpg;6.497985;-1.690458e+00;-4.157955;2.006863e+00;2.575237;1.223194e+00;0.189320;1.488203e-01;0.106361;1
228/202/228.jpg;2.238724;5.821647e-02;-0.560575;4.406748e+00;4.555361;2.365644e+00;0.004636;8.647190e-03;0.032825;1
228/203/228.jpg;6.737669;-1.803514e+00;-4.103561;8.622071e-01;0.906620;5.628164e-01;0.047084;4.833747e-02;0.060048;1
228/204/228.jpg;5.039553;9.049066e-01;1.574303;1.074569e+01;11.674547;6.618577e+00;0.308526;2.009442e-01;0.123185;1
228/205/228.jpg;7.628162;9.151592e-01;0.975544;8.372708e+00;8.787524;4.932628e+00;0.006170;2.935424e-03;0.028550;1
229/206/229.jpg;3.354947;2.491523e-01;0.285653;7.423288e+00;8.036238;4.508240e+00;0.173414;1.087156e-01;0.076275;1
229/207/229.jpg;7.733871;6.844732e-01;0.784267;7.897594e+00;7.776961;4.408382e+00;0.074324;6.359433e-02;0.066723;1
229/208/229.jpg;7.358349;-1.562449e+00;-3.415268;1.409006e+00;1.365645;8.750572e-01;0.105333;1.116052e-01;0.091260;1
229/209/229.jpg;6.906132;2.780507e+00;2.956334;4.204658e+00;5.532413;1.762545e+00;-0.031460;-1.342312e-02;0.023497;1
230/210/230.jpg;2.951087;3.267037e-01;0.158693;6.634434e+00;6.887853;3.462999e+00;0.117694;1.047505e-01;0.089749;1
230/211/230.jpg;6.036032;1.189273e+00;1.623664;1.020824e+01;10.139922;5.307661e+00;0.142470;8.810765e-02;0.065893;1
230/212/230.jpg;7.209792;-1.528131e+00;-3.395309;1.435235e+00;1.346927;9.172472e-01;0.074045;8.944402e-02;0.084636;1
230/213/230.jpg;8.239995;1.130249e+00;1.265636;6.093222e+00;6.801866;3.444888e+00;0.099738;6.759779e-02;0.058181;1
231/214/231.jpg;3.534470;5.486264e-01;-0.023649;4.558197e+00;7.730085;2.579187e+00;0.417361;3.211761e-01;0.208366;1
231/215/231.jpg;6.950401;2.693058e+00;2.736730;5.157652e+00;4.825969;2.149532e+00;0.291388;1.748050e-01;0.103569;1
231/216/231.jpg;5.255958;1.460340e+00;1.524836;8.567567e+00;7.498456;3.656274e+00;0.148620;7.920872e-02;0.057234;1
231/217/231.jpg;7.745064;1.127310e+00;1.243873;7.856897e+00;8.122766;3.250617e+00;0.189146;1.073529e-01;0.071481;1
232/218/232.jpg;3.895469;-2.178495e-01;-0.147520;7.576518e+00;10.074460;3.394249e+00;0.162462;1.150757e-01;0.082619;1
232/219/232.jpg;7.471025;-1.184891e+00;-2.740774;7.539408e-01;0.735526;4.768253e-01;0.032417;5.177168e-02;0.057959;1
232/220/232.jpg;6.947787;-4.141537e-02;-0.037018;6.274283e+00;6.651971;2.836437e+00;0.053481;2.901108e-02;0.038137;1
233/221/233.jpg;2.482618;5.986321e-01;-0.105777;2.409212e+00;2.937950;1.366298e+00;0.205704;1.894025e-01;0.142224;1
233/222/233.jpg;7.745808;1.679271e-01;0.342467;4.269022e+00;3.825898;2.144813e+00;0.009576;3.597476e-03;0.028405;1
233/223/233.jpg;5.151095;-4.701217e-03;0.645740;3.593650e+00;4.049463;1.751393e+00;0.218659;1.108219e-01;0.066938;1
234/224/234.jpg;1.828480;1.562011e-01;0.126581;6.604517e-01;0.616414;3.240280e-01;-0.045769;-1.933243e-02;0.021716;1
234/225/234.jpg;5.257412;5.132743e+00;2.692223;7.632564e-01;0.931638;3.635686e-01;0.000034;2.135094e-03;0.029101;1
235/226/235.jpg;6.201674;-1.826336e+00;-2.168353;5.277908e-01;0.324411;2.452886e-01;0.091153;1.009953e-01;0.084421;1
235/227/235.jpg;4.307550;-4.241685e-01;2.393352;8.865568e+00;8.574866;5.635822e+00;0.157988;1.095744e-01;0.078589;1
235/228/235.jpg;7.072604;-1.302229e+00;-1.262604;1.085504e+00;0.751205;5.721110e-01;0.046730;4.689290e-02;0.053077;1
235/229/235.jpg;8.003716;7.747976e-01;2.228692;5.488159e+00;5.248829;2.925304e+00;0.084938;6.455901e-02;0.060389;1
236/230/236.jpg;3.399430;1.370308e+00;0.534448;3.956972e+00;4.957217;2.035259e+00;0.142655;1.361052e-01;0.131408;1
236/231/236.jpg;6.652724;8.998874e-01;2.138000;3.499696e+00;3.529970;1.617218e+00;-0.033564;-1.429617e-02;0.023255;1
237/232/237.jpg;7.903722;2.681990e-01;0.335739;5.632366e+00;6.020493;3.087387e+00;-0.002368;-1.869182e-03;0.026685;1
237/233/237.jpg;4.612924;1.735147e-01;1.055080;8.757464e+00;7.963440;4.905746e+00;0.229072;1.418865e-01;0.090086;1
238/234/238.jpg;2.532176;5.496486e-01;-0.413767;7.316126e+00;6.251147;3.766756e+00;0.498104;4.035816e-01;0.301109;1
238/235/238.jpg;7.693263;5.748580e-01;0.623855;7.700126e+00;6.486624;3.584727e+00;0.131225;8.138960e-02;0.062378;1
238/236/238.jpg;6.756374;-1.631652e+00;-3.930433;2.718519e+00;2.252067;1.561402e+00;0.149599;1.371785e-01;0.105810;1
238/237/238.jpg;6.876340;2.991713e+00;2.546828;6.205267e+00;5.034359;2.046620e+00;0.010987;1.070400e-02;0.032561;1
238/238/238.jpg;5.091628;1.235931e+00;1.464260;1.035041e+01;8.101047;4.057077e+00;0.304843;2.082037e-01;0.131183;1
239/239/239.jpg;4.349766;4.400981e-01;0.852855;1.095821e+01;9.902596;5.501386e+00;0.126163;7.436056e-02;0.060100;1
239/240/239.jpg;6.966788;-1.667274e+00;-4.056492;5.192249e-01;0.480592;3.016669e-01;-0.016429;-9.638107e-03;0.024085;1
239/241/239.jpg;7.665928;6.896000e-01;0.775806;6.666498e+00;6.964498;3.720220e+00;0.015610;1.996213e-02;0.038945;1
240/242/240.jpg;3.406073;-8.405700e-02;-0.236746;5.428679e+00;5.733875;2.490876e+00;-0.006228;1.146324e-02;0.040344;1
240/243/240.jpg;8.090840;8.637388e-01;1.139516;5.920508e+00;5.364235;2.635244e+00;0.109981;6.738363e-02;0.055917;1
240/244/240.jpg;5.965400;8.087065e-01;1.468106;7.637180e+00;6.454343;3.200065e+00;0.113867;5.685767e-02;0.047937;1
241/245/241.jpg;3.975244;3.529916e-01;0.571554;1.138555e+01;10.566063;6.303004e+00;0.399377;3.432904e-01;0.265340;1
241/246/241.jpg;6.827084;-1.953016e+00;-4.341746;6.827841e-01;0.380146;3.485364e-01;0.038698;5.324870e-02;0.058063;1
241/247/241.jpg;7.102952;7.429255e-01;0.961197;9.063645e+00;8.323056;4.645864e+00;0.025116;1.876187e-02;0.035879;1
241/248/241.jpg;7.945546;-1.158059e+00;-2.816388;1.306455e+00;1.180498;8.110910e-01;-0.009672;6.351913e-03;0.032596;1
242/249/242.jpg;4.993063;6.535278e-01;1.014910;1.125779e+01;11.338575;5.560148e+00;0.228676;2.058934e-01;0.154111;1
242/250/242.jpg;6.600755;-1.879657e+00;-4.466662;5.075578e-01;0.490190;3.167052e-01;0.007089;1.016241e-02;0.032190;1
242/251/242.jpg;7.796403;4.608237e-01;0.517350;7.110389e+00;7.969498;3.807341e+00;0.074317;5.827022e-02;0.055375;1
243/252/243.jpg;4.130263;3.226648e-01;0.895216;1.167435e+01;11.174903;5.308531e+00;0.150715;1.031455e-01;0.077800;1
243/253/243.jpg;6.136745;-1.968810e+00;-4.635951;1.002103e+00;0.825976;7.090241e-01;0.064594;6.548372e-02;0.060809;1
243/254/243.jpg;7.561035;3.738288e-01;0.471959;8.191490e+00;8.287263;3.681180e+00;0.047625;2.774380e-02;0.038419;1
244/255/244.jpg;3.640154;2.608553e-01;0.866082;1.054593e+01;6.617111;4.780901e+00;0.106425;5.667999e-02;0.049036;1
244/256/244.jpg;5.820975;-1.936743e+00;-4.816115;8.311074e-01;0.941311;6.266069e-01;-0.007492;7.025316e-05;0.028005;1
244/257/244.jpg;7.448498;4.136014e-01;0.726879;9.027815e+00;6.605355;3.688289e+00;0.017077;5.210079e-03;0.028377;1
245/258/245.jpg;2.857433;3.917342e-01;0.238549;8.105078e+00;5.781967;4.474286e+00;0.120697;5.920595e-02;0.047649;1
245/259/245.jpg;4.747880;7.833549e-01;2.079332;8.879802e+00;8.121314;5.484953e+00;-0.015599;-6.130094e-03;0.025637;1
246/260/246.jpg;4.872757;8.694609e-02;-0.961678;7.620642e+00;6.659451;4.084146e+00;0.157463;1.283404e-01;0.103907;1
246/261/246.jpg;8.215241;-9.780762e-02;-0.869808;2.195888e+00;1.401951;1.028721e+00;0.068008;5.041374e-02;0.049647;1
246/262/246.jpg;7.030388;8.646298e-01;0.186374;9.199047e+00;6.597030;4.590314e+00;0.038409;2.570369e-02;0.038716;1
247/263/247.jpg;3.589606;-3.636206e-01;0.837170;1.042140e+01;8.484584;5.912513e+00;0.200573;1.422714e-01;0.103518;1
247/264/247.jpg;7.472869;4.497049e-01;0.439012;8.075972e+00;6.460225;3.797904e+00;0.117574;5.219233e-02;0.044763;1
247/265/247.jpg;5.371752;-4.420599e-01;2.143261;9.323256e+00;7.162579;5.020365e+00;0.122211;6.979107e-02;0.054808;1
248/266/248.jpg;4.522038;4.680610e-01;0.539231;1.095061e+01;9.036590;5.176989e+00;0.124223;9.530737e-02;0.074368;1
248/267/248.jpg;6.890178;-1.663639e+00;-3.904040;4.859792e-01;0.409113;3.459303e-01;0.073656;4.442494e-02;0.044777;1
248/268/248.jpg;8.182858;4.151597e-01;0.261226;6.541806e+00;7.721125;3.627582e+00;0.050198;3.445264e-02;0.043124;1
249/269/249.jpg;5.146838;3.452662e+00;3.284416;7.109065e+00;7.332104;4.047898e+00;0.323985;2.076184e-01;0.125177;1
249/270/249.jpg;2.828583;2.024988e+00;0.922393;6.438941e+00;8.928782;4.270607e+00;1.047087;1.022109e+00;0.788614;1
249/271/249.jpg;7.793209;8.976191e-01;1.609926;5.885752e+00;6.289482;3.317360e+00;0.085198;4.577166e-02;0.044550;1
249/272/249.jpg;3.813692;6.134964e+00;2.328467;5.427821e+00;5.762266;3.013231e+00;0.460859;3.641250e-01;0.240319;1
249/273/249.jpg;6.485494;2.191671e+00;3.821445;6.620280e+00;5.814347;3.695448e+00;0.121357;6.430742e-02;0.051132;1
250/274/250.jpg;2.165107;2.711441e-01;0.260292;3.219486e+00;3.104324;1.885086e+00;0.144034;9.954551e-02;0.077244;1
250/275/250.jpg;7.241882;-7.204909e-02;0.125862;6.226410e+00;5.877059;3.673878e+00;0.044738;1.863484e-02;0.033090;1
250/276/250.jpg;4.851015;9.136274e-02;0.309005;7.956348e+00;7.244666;4.738404e+00;0.149713;8.543664e-02;0.061632;1
251/277/251.jpg;6.025611;-1.954014e+00;-3.887201;5.857880e-01;0.463508;4.854816e-01;0.200803;2.114945e-01;0.159259;1
251/278/251.jpg;3.726021;4.753003e-01;0.881966;1.049936e+01;11.688019;5.269795e+00;0.146029;9.451380e-02;0.070977;1
251/279/251.jpg;6.132364;-8.559247e-02;-0.063481;5.167612e+00;6.535775;2.706803e+00;0.195010;1.759172e-01;0.128663;1
251/280/251.jpg;7.478873;8.195468e-01;1.211117;8.070879e+00;8.836216;3.919856e+00;0.041640;2.735767e-02;0.038598;1
251/281/251.jpg;6.740413;-1.391424e+00;-2.624231;3.174875e+00;3.669209;2.419171e+00;1.089829;1.561108e+00;1.871561;1
252/282/252.jpg;4.115002;-3.536777e-01;1.052630;6.974377e+00;8.118314;4.181626e+00;0.225234;1.669368e-01;0.114809;1
252/283/252.jpg;8.030420;-1.081873e+00;-2.867465;9.700650e-01;1.555609;7.699286e-01;0.020414;2.472620e-02;0.040475;1
252/284/252.jpg;8.066290;4.667669e-01;0.242463;5.820605e+00;7.181406;2.896762e+00;0.008042;1.892398e-02;0.038457;1
253/285/253.jpg;2.643517;3.620073e-01;-0.521363;1.026702e+01;9.283910;5.962629e+00;0.237438;1.751891e-01;0.119771;1
253/286/253.jpg;7.671433;3.401385e-01;0.065990;7.890354e+00;7.782749;3.902582e+00;0.123371;7.946999e-02;0.067496;1
253/287/253.jpg;4.382011;5.329505e+00;0.635247;1.125734e+01;9.324562;6.425683e+00;0.260205;1.984666e-01;0.143398;1
253/288/253.jpg;8.102998;-1.114842e+00;-2.715502;5.443869e-01;0.658957;3.527798e-01;0.032112;4.503943e-02;0.052580;1
253/289/253.jpg;5.077441;5.776670e-01;0.290028;1.277328e+01;10.826205;6.319717e+00;0.221509;1.563797e-01;0.107198;1
254/290/254.jpg;8.658537;1.966008e-01;0.343363;3.480198e+00;2.111335;1.349778e+00;0.124922;7.606375e-02;0.059585;1
254/291/254.jpg;5.190345;4.325255e-01;1.004038;7.480103e+00;6.250122;3.486167e+00;-0.002586;3.533160e-03;0.029518;1
255/292/255.jpg;7.584785;7.575505e-01;1.381561;6.046357e+00;4.536983;2.962405e+00;-0.018187;-8.068714e-03;0.024924;1
255/293/255.jpg;4.779737;6.961153e-01;1.323171;8.621696e+00;6.954437;4.041413e+00;0.267758;1.616223e-01;0.099277;1
256/294/256.jpg;9.088898;1.057765e-01;-0.013725;1.552071e+00;1.468018;8.338601e-01;0.057828;4.544489e-02;0.047921;1
256/295/256.jpg;5.792844;3.032252e-01;0.173561;5.711032e+00;5.565717;3.046249e+00;0.002790;6.990853e-03;0.030916;1
257/296/257.jpg;3.797021;6.936942e-01;-0.230058;7.388063e+00;6.555197;3.015712e+00;0.170365;1.078026e-01;0.074925;1
257/297/257.jpg;7.490352;1.929324e-01;-0.303046;5.453228e+00;4.824528;2.484991e+00;0.146542;7.036542e-02;0.052013;1
257/298/257.jpg;5.650714;2.161619e+00;1.262421;5.101657e+00;4.257761;1.821764e+00;0.079704;6.502771e-02;0.059665;1
258/299/258.jpg;3.831141;-9.478591e-03;0.698935;5.849214e+00;5.251890;2.611241e+00;0.273298;2.337911e-01;0.182549;1
258/300/258.jpg;8.684689;-7.532684e-02;-0.794778;6.986762e-01;0.546561;3.388194e-01;0.003109;8.257159e-03;0.031555;1
258/301/258.jpg;7.155353;6.154239e-01;1.399254;6.049264e+00;5.519601;2.826782e+00;0.123846;9.561482e-02;0.074694;1
259/302/259.jpg;2.927169;1.629513e+00;0.771385;6.846360e+00;7.388178;2.909114e+00;0.254070;2.097009e-01;0.171357;1
259/303/259.jpg;6.710326;5.629372e-01;0.315412;5.084360e+00;4.026633;1.948501e+00;0.235942;1.208094e-01;0.072612;1
259/304/259.jpg;5.884096;1.903724e+00;2.048201;6.740103e+00;7.444687;3.039270e+00;0.129684;9.507209e-02;0.074791;1
259/305/259.jpg;8.226868;4.027778e-02;-0.185980;4.487264e+00;2.110916;1.137558e+00;0.020047;2.656365e-02;0.040975;1
260/306/260.jpg;6.901120;3.579518e-01;1.459695;5.213996e+00;6.518951;3.747225e+00;-0.036757;-1.515439e-02;0.022957;1
260/307/260.jpg;4.103906;3.957928e-01;1.008751;8.048573e+00;8.717276;5.008165e+00;0.073811;4.474788e-02;0.047670;1
261/308/261.jpg;2.855067;2.301311e-01;-0.209364;6.400260e+00;6.894086;3.977658e+00;0.259390;1.733835e-01;0.119492;1
261/309/261.jpg;7.554590;8.074651e-01;0.909201;8.848718e+00;7.710709;4.336497e+00;0.063874;4.026806e-02;0.044334;1
261/310/261.jpg;5.166411;1.094983e+00;1.163848;1.362566e+01;10.153701;6.065188e+00;0.167324;9.797533e-02;0.068320;1
261/311/261.jpg;7.884470;-6.049939e-01;-1.950585;1.845745e+00;1.967821;1.313856e+00;0.096608;7.145133e-02;0.061485;1
262/312/262.jpg;2.578777;5.175749e-01;0.079492;6.567658e+00;7.449969;3.854704e+00;0.135824;8.975632e-02;0.075534;1
262/313/262.jpg;8.344124;3.288148e-01;0.446343;6.510318e+00;7.081289;3.845829e+00;0.041804;3.788469e-02;0.044813;1
262/314/262.jpg;5.395627;2.969834e-01;0.459501;5.729444e+00;5.985918;3.236266e+00;0.056691;3.959818e-02;0.045198;1
263/315/263.jpg;4.637718;1.716381e-01;0.329441;4.300718e+00;4.420340;1.909802e+00;0.097966;7.933918e-02;0.065756;1
263/316/263.jpg;6.061150;-1.768450e+00;-3.941849;5.538588e-01;0.443495;3.404901e-01;0.009229;2.018335e-02;0.038134;1
263/317/263.jpg;7.426558;5.278169e-01;1.036153;7.495697e+00;8.500506;3.793325e+00;0.037213;4.523898e-02;0.053772;1
264/318/264.jpg;3.843177;3.175752e-02;0.406231;9.858815e+00;10.369835;6.381032e+00;0.739734;7.134842e-01;0.524852;1
264/319/264.jpg;6.189916;-1.622133e+00;-4.017898;8.918246e-01;0.778753;6.190009e-01;-0.025394;-7.458499e-03;0.025995;1
264/320/264.jpg;7.910138;5.779831e-01;0.991297;7.832148e+00;7.033929;4.193866e+00;0.064508;7.555585e-02;0.072639;1
265/321/265.jpg;3.257883;4.566038e-01;0.448392;7.727399e+00;6.956182;3.457838e+00;0.151055;9.775484e-02;0.071630;1
265/322/265.jpg;9.078226;4.627594e-02;-0.016077;2.222502e+00;2.123967;1.318196e+00;0.108847;9.507655e-02;0.075653;1
265/323/265.jpg;5.825078;5.529007e-01;0.616641;7.416933e+00;6.582537;3.577844e+00;0.048760;2.966181e-02;0.039431;1
266/324/266.jpg;7.805002;2.943512e-01;0.386543;4.114720e+00;4.878709;1.882016e+00;0.012035;5.384928e-03;0.029240;1
266/325/266.jpg;4.731780;1.750899e-01;0.550428;7.137512e+00;7.927963;3.347879e+00;0.172334;8.300468e-02;0.057116;1
267/326/267.jpg;7.670135;6.821841e-01;0.780428;3.596218e+00;5.263773;1.822218e+00;0.010896;2.971146e-03;0.027839;1
267/327/267.jpg;5.110484;7.409758e-01;0.865255;5.689824e+00;7.123409;3.119152e+00;0.183942;1.153167e-01;0.078200;1
268/328/268.jpg;7.100906;6.407385e-01;1.467004;4.236645e+00;4.070337;1.851395e+00;0.081570;4.950175e-02;0.048262;1
268/329/268.jpg;4.067039;1.944595e+00;1.823673;3.610453e+00;3.785734;1.495789e+00;0.040640;1.641483e-02;0.032541;1
269/330/269.jpg;2.654414;5.648925e-01;0.238103;6.492201e+00;7.022370;3.379174e+00;0.178182;1.153535e-01;0.080874;1
269/331/269.jpg;7.844598;6.537324e-01;0.746543;6.989166e+00;6.617990;3.599062e+00;0.104784;6.218534e-02;0.052394;1
269/332/269.jpg;5.193583;1.015565e+00;1.316863;7.329291e+00;7.684280;3.877486e+00;0.121048;5.807697e-02;0.048116;1
270/333/270.jpg;3.920326;4.269991e-01;0.756288;9.088196e+00;11.319711;5.631119e+00;0.127731;7.770449e-02;0.061052;1
270/334/270.jpg;7.566156;-1.574831e+00;-2.971533;5.778461e-01;0.542467;3.790673e-01;0.075436;3.121110e-02;0.037188;1
270/335/270.jpg;7.967942;2.094294e-01;0.713143;5.247459e+00;5.684111;3.214902e+00;0.033681;1.590177e-02;0.032411;1
271/336/271.jpg;8.101936;-6.857016e-01;-1.423466;4.925313e-01;0.399549;2.227161e-01;0.192600;8.935908e-02;0.057291;1
271/337/271.jpg;6.764974;5.183681e-01;0.880425;6.133247e+00;5.749899;2.790892e+00;-0.052391;-2.055608e-02;0.021525;1
272/338/272.jpg;3.657052;1.680645e-01;0.494292;6.740131e+00;8.126936;3.267961e+00;0.185117;1.068239e-01;0.074987;1
272/339/272.jpg;7.112448;-1.705419e+00;-3.932417;6.423221e-01;0.660636;4.296370e-01;-0.012589;-3.564124e-03;0.026942;1
272/340/272.jpg;7.766163;3.665661e-01;0.409266;6.879844e+00;7.205845;3.129892e+00;0.017657;7.760219e-03;0.030322;1
273/341/273.jpg;2.030199;2.437901e-02;0.167078;2.874547e+00;3.222101;1.953440e+00;0.136464;6.222859e-02;0.048574;1
273/342/273.jpg;6.811939;5.592196e-01;2.254317;8.049328e+00;9.473067;4.803519e+00;0.063963;3.871180e-02;0.042836;1
273/343/273.jpg;4.368837;1.843617e-01;1.557199;1.018934e+01;11.648512;6.660375e+00;0.156340;8.996516e-02;0.065013;1
274/344/274.jpg;2.380989;1.320780e-01;-0.104674;2.280078e+00;2.948793;1.298980e+00;0.036175;1.595753e-02;0.032395;1
274/345/274.jpg;7.068088;4.962483e-01;0.908419;5.469159e+00;8.708212;3.420622e+00;0.033792;2.596104e-02;0.040245;1
275/346/275.jpg;4.012489;1.554300e-01;0.681730;1.243890e+01;8.497787;4.370881e+00;0.075222;4.978143e-02;0.051005;1
275/347/275.jpg;4.832655;-1.800380e+00;-5.482175;1.178123e+00;0.806012;6.527566e-01;0.267190;1.983085e-01;0.126496;1
275/348/275.jpg;7.833900;3.408365e-01;0.761837;8.297435e+00;5.157411;2.894865e+00;0.044789;2.281741e-02;0.035318;1
276/349/276.jpg;2.052377;1.035317e-01;-0.115057;3.522680e+00;4.544353;2.157242e+00;0.110577;6.655135e-02;0.054232;1
276/350/276.jpg;8.401504;3.833203e-01;0.588793;3.707775e+00;4.582662;2.286055e+00;0.020343;1.807337e-02;0.036140;1
276/351/276.jpg;4.790782;-3.078526e-01;1.311065;7.069759e+00;9.673061;4.100667e+00;0.060794;4.522016e-02;0.051682;1
277/352/277.jpg;7.312929;5.662332e-01;0.282944;5.474579e+00;5.388428;2.651046e+00;0.003531;-9.110175e-04;0.026753;1
277/353/277.jpg;4.545249;6.407963e-01;0.277947;7.379392e+00;7.669990;3.320257e+00;0.212526;1.395308e-01;0.091493;1
278/354/278.jpg;3.804497;-9.685914e-02;0.113587;8.121815e+00;7.549296;3.806281e+00;0.142050;9.394851e-02;0.072058;1
278/355/278.jpg;7.479064;-1.370235e+00;-3.668056;7.820359e-01;0.703460;4.430208e-01;0.052866;3.989543e-02;0.044674;1
278/356/278.jpg;7.175601;5.746856e-01;0.665080;7.847445e+00;7.947766;3.982524e+00;0.040864;3.299567e-02;0.042554;1
279/357/279.jpg;4.293382;-4.990727e-02;1.219214;5.659089e+00;5.267370;2.900018e+00;0.090110;6.837897e-02;0.058788;1
279/358/279.jpg;7.305721;-1.141784e+00;-3.250107;1.173745e+00;1.068269;7.573459e-01;0.075286;6.565322e-02;0.059197;1
279/359/279.jpg;7.161681;6.234901e-01;0.650500;7.081980e+00;6.785915;3.777080e+00;0.063527;5.316450e-02;0.052715;1
280/360/280.jpg;3.924034;-1.694088e-01;0.387022;8.159694e+00;8.531191;4.663513e+00;0.266793;1.456631e-01;0.083288;1
280/361/280.jpg;7.243777;-1.780226e+00;-3.924633;9.441463e-01;1.121244;6.096772e-01;0.081503;3.904912e-02;0.040175;1
280/362/280.jpg;7.402263;8.802390e-02;0.561313;7.319007e+00;7.681658;4.562018e+00;0.120594;5.552351e-02;0.046226;1
281/363/281.jpg;3.718130;-3.264264e-01;1.392427;6.991803e+00;5.426331;3.240229e+00;0.323556;2.314411e-01;0.158234;1
281/364/281.jpg;7.642679;4.023543e-01;1.368832;6.779349e+00;5.205556;3.302404e+00;0.020486;2.184012e-02;0.037866;1
281/365/281.jpg;3.187478;-6.564782e-01;-1.658487;9.670329e+00;10.060206;7.466313e+00;0.044580;5.605975e-02;0.063618;1
281/366/281.jpg;7.693980;-1.454280e+00;-2.700933;2.219103e+00;2.274396;1.521400e+00;0.142116;1.071400e-01;0.080126;1
282/367/282.jpg;7.915273;8.766892e-02;0.350012;5.305932e+00;4.662344;3.490592e+00;0.009135;9.383928e-03;0.031887;1
282/368/282.jpg;5.867801;3.666914e-01;2.006736;7.916764e+00;7.842264;6.289018e+00;0.086248;3.591774e-02;0.038315;1
283/369/283.jpg;4.392524;7.181772e-01;1.128134;6.156876e+00;6.089785;3.038361e+00;0.051808;2.556849e-02;0.037683;1
283/370/283.jpg;8.988105;-1.033921e-01;-0.054374;9.758570e-01;0.857878;5.589257e-01;0.066463;5.511095e-02;0.062204;1
283/371/283.jpg;7.069134;1.274569e+00;1.865703;6.188290e+00;7.709259;3.251271e+00;0.086823;4.487735e-02;0.045141;1
284/372/284.jpg;4.779722;5.272089e-01;1.561233;6.720450e+00;7.546777;3.404743e+00;0.065477;3.585555e-02;0.041164;1
284/373/284.jpg;8.567213;-1.082294e+00;-1.256372;1.349361e+00;1.503359;8.365148e-01;0.398892;2.967116e-01;0.201343;1
284/374/284.jpg;7.914478;7.704777e-01;1.812036;6.054672e+00;6.427298;2.934577e+00;0.057435;3.006530e-02;0.038353;1
285/375/285.jpg;4.545295;5.052851e-01;1.198488;8.402077e+00;8.023770;4.143133e+00;0.088250;5.285599e-02;0.051691;1
285/376/285.jpg;8.175867;-1.264056e+00;-2.360427;7.528057e-01;0.829356;4.908607e-01;0.052064;3.644359e-02;0.042071;1
285/377/285.jpg;7.753077;6.918265e-01;1.378516;6.090870e+00;5.236958;3.458028e+00;-0.033245;-1.464600e-02;0.022924;1
286/378/286.jpg;7.991442;-1.443120e+00;-2.867484;5.780089e-01;0.391390;3.291775e-01;0.094355;8.406340e-02;0.069091;1
286/379/286.jpg;4.839592;4.305989e-01;1.712377;9.709006e+00;8.635132;5.562049e+00;0.230790;1.429722e-01;0.093110;1
286/380/286.jpg;8.029922;8.066920e-01;1.656949;6.092436e+00;4.801766;3.011359e+00;0.010457;1.159825e-02;0.033190;1
287/381/287.jpg;4.988130;-1.531250e-02;0.555640;6.951204e+00;6.061430;3.604501e+00;0.056104;3.267604e-02;0.040007;1
287/382/287.jpg;7.898435;6.827563e-01;1.382006;6.547374e+00;6.341712;3.691756e+00;0.083055;3.409172e-02;0.037684;1
287/383/287.jpg;8.141010;-1.410876e+00;-2.857347;7.380864e-01;0.987922;6.422159e-01;0.034624;2.580331e-02;0.040129;1
288/384/288.jpg;5.079967;1.714504e-01;1.336197;9.649719e+00;9.697192;4.804121e+00;0.175916;1.340137e-01;0.100478;1
288/385/288.jpg;7.985143;-1.525984e+00;-3.049001;8.935202e-01;0.716884;5.093194e-01;0.044382;4.930335e-02;0.052262;1
288/386/288.jpg;7.684268;3.656107e-01;1.245494;7.453415e+00;5.943944;3.688552e+00;0.043164;2.479766e-02;0.037367;1
289/387/289.jpg;3.920558;-2.247717e-01;0.641905;8.673221e+00;6.423684;4.078412e+00;0.399260;2.765010e-01;0.174530;1
289/388/289.jpg;7.111761;-1.911397e+00;-4.349405;7.595206e-01;0.669299;4.537144e-01;0.010401;5.068319e-03;0.029428;1
289/389/289.jpg;7.673446;5.162582e-01;1.231770;6.155897e+00;5.124361;3.566292e+00;-0.021214;-6.193173e-03;0.026422;1
290/390/290.jpg;8.350579;1.173476e-01;-0.491729;2.142513e+00;1.745127;1.135773e+00;0.154826;6.728934e-02;0.048756;1
290/391/290.jpg;5.020036;2.918527e-01;1.268726;6.361685e+00;6.364987;4.071404e+00;0.009869;1.283536e-02;0.033382;1
291/392/291.jpg;3.881805;-2.464491e-01;0.766759;7.510928e+00;7.758593;4.897696e+00;0.410827;3.504375e-01;0.255658;1
291/393/291.jpg;6.732066;3.423515e+00;1.916987;3.319979e+00;3.338289;1.754968e+00;0.026933;3.518631e-02;0.049000;1
291/394/291.jpg;5.866154;4.127271e-02;0.813088;6.541507e+00;5.480165;3.454507e+00;0.418012;2.915512e-01;0.175501;1
291/395/291.jpg;7.801811;6.256780e-01;0.718713;4.480145e+00;3.813380;2.543425e+00;0.044672;1.960810e-02;0.033818;1
292/396/292.jpg;8.586252;1.458042e-01;0.126118;2.600897e+00;2.486720;1.139136e+00;0.034989;1.519776e-02;0.031992;1
292/397/292.jpg;4.902856;4.450679e-01;0.364741;5.640532e+00;6.002765;2.580930e+00;0.065669;4.754743e-02;0.049036;1
293/398/293.jpg;5.002700;3.622363e-02;0.404372;1.006685e+01;6.703439;3.740103e+00;0.149218;8.009645e-02;0.056768;1
293/399/293.jpg;7.457944;-1.439541e+00;-3.924662;7.705641e-01;0.630609;3.483857e-01;-0.015592;-6.228981e-03;0.025493;1
293/400/293.jpg;7.506881;4.166353e-01;0.581200;5.524838e+00;4.461273;2.573935e+00;0.029950;1.217759e-02;0.031199;1
294/401/294.jpg;4.071049;-1.380268e-02;0.223405;5.927077e+00;7.720627;3.245907e+00;0.306051;1.970198e-01;0.129459;1
294/402/294.jpg;8.215802;-9.698613e-01;-2.288554;6.061241e-01;0.669332;3.584013e-01;-0.019440;-6.263546e-03;0.026127;1
294/403/294.jpg;7.436237;2.819615e-01;0.951086;5.331671e+00;5.403936;2.813339e+00;0.072020;5.539071e-02;0.052803;1
295/404/295.jpg;2.425475;-1.867940e-01;-0.386220;2.382614e+00;2.291559;1.020174e+00;0.105499;6.280059e-02;0.054254;1
295/405/295.jpg;6.413725;-7.159408e-01;-0.188732;3.862382e+00;3.547377;2.096912e+00;-0.015094;-4.362402e-03;0.026840;1
296/406/296.jpg;4.974398;4.688327e-02;0.118604;4.757727e+00;5.016304;2.377618e+00;0.048845;3.123883e-02;0.041589;1
296/407/296.jpg;7.715780;-6.132527e-01;-0.496599;2.208872e+00;2.328759;1.165229e+00;0.094518;4.460383e-02;0.041992;1
296/408/296.jpg;6.084076;3.016280e+00;1.484094;4.382456e+00;4.344084;1.870096e+00;0.108345;6.505822e-02;0.054082;1
297/409/297.jpg;2.122755;2.830973e-01;-0.013233;2.285103e+00;3.135540;1.097819e+00;0.009624;1.343817e-02;0.035449;1
297/410/297.jpg;8.326212;2.596800e-01;0.744331;1.775438e+00;2.348481;7.507340e-01;0.083587;4.165584e-02;0.043561;1
297/411/297.jpg;6.378963;1.205153e+00;2.573867;2.529508e+00;3.807092;1.126759e+00;0.197913;1.085580e-01;0.070488;1
298/412/298.jpg;4.731149;-1.272227e-02;1.332510;8.365540e+00;8.986279;4.627664e+00;0.301170;2.198357e-01;0.143704;1
298/413/298.jpg;7.657106;-1.727167e+00;-3.541252;8.388435e-01;0.833134;4.977509e-01;0.127947;7.189785e-02;0.055391;1
298/414/298.jpg;7.886856;4.212624e-01;1.096691;6.795732e+00;6.353814;3.447500e+00;0.000732;2.039706e-03;0.028463;1
299/415/299.jpg;4.387646;-2.100120e-01;0.778964;7.620654e+00;9.290088;4.412007e+00;0.089214;6.256852e-02;0.057599;1
299/416/299.jpg;8.381580;-1.489030e+00;-1.666135;6.268235e-01;0.619992;4.163628e-01;0.067243;4.335901e-02;0.044678;1
299/417/299.jpg;7.446239;1.813303e-01;0.877894;7.023298e+00;8.833861;4.126282e+00;0.054869;3.311537e-02;0.041409;1
311/418/311.jpg;2.169912;-1.734838e-01;-0.129818;8.594400e+00;6.407969;3.770914e+00;0.702997;7.277999e-01;0.660828;0
311/419/311.jpg;4.477755;3.584587e+00;1.758706;1.051555e+01;11.438701;3.740520e+00;0.376208;3.397114e-01;0.252501;0
311/420/311.jpg;5.270523;-1.300905e+00;-1.404758;8.223299e+00;7.489624;3.666420e+00;0.236105;1.702671e-01;0.116754;0
311/421/311.jpg;6.570406;5.453530e+00;3.722135;6.367920e+00;5.435165;2.338815e+00;0.407461;2.731286e-01;0.162527;0
311/422/311.jpg;5.685714;5.102937e-01;1.367378;5.951676e+00;3.960057;1.848024e+00;0.376923;3.422853e-01;0.267444;0
311/423/311.jpg;8.460780;2.507647e-01;0.494926;9.477535e+00;5.197702;3.365280e+00;0.191154;1.564960e-01;0.110761;0
311/424/311.jpg;7.960385;-1.721394e+00;-2.219271;1.042297e+00;0.639066;4.713512e-01;0.171406;1.395059e-01;0.099569;0
311/425/311.jpg;6.559210;8.145885e+00;4.326794;3.036523e+00;1.829767;1.085766e+00;0.206358;1.691702e-01;0.116713;0
311/426/311.jpg;3.652806;1.035076e-01;1.111671;1.057990e+01;10.462566;4.564695e+00;0.465443;4.890809e-01;0.466883;0
312/427/312.jpg;3.004303;1.330045e+00;-1.685682;9.497935e+00;6.786541;3.886360e+00;0.349188;3.621529e-01;0.308697;0
312/428/312.jpg;6.775938;2.517432e-01;-1.050181;7.163765e+00;5.285456;2.933237e+00;0.474498;3.142203e-01;0.178812;0
312/429/312.jpg;4.904661;1.299684e+00;0.612553;1.418598e+01;14.435622;1.008992e+01;0.254967;2.275225e-01;0.222366;0
312/430/312.jpg;4.714660;-1.804259e+00;-5.082736;1.414669e+01;5.589371;3.727945e+00;0.069600;5.479744e-02;0.057910;0
312/431/312.jpg;2.616634;3.087615e+00;0.458127;9.037149e+00;6.747893;4.920210e+00;0.333147;2.363236e-01;0.152199;0
312/432/312.jpg;8.636102;-3.741062e-01;-1.240443;2.567547e+00;1.744186;1.209805e+00;0.086893;4.588899e-02;0.044889;0
312/433/312.jpg;7.053404;2.198627e+00;1.329162;6.621919e+00;3.081441;2.109975e+00;0.998622;1.161290e+00;1.131561;0
312/434/312.jpg;6.927752;-4.624377e+00;-5.266190;3.336625e+00;2.321370;1.302972e+00;0.119025;5.318312e-02;0.047482;0
312/435/312.jpg;4.955023;4.329014e-01;-1.458395;1.132019e+01;11.384182;5.491009e+00;0.291884;1.980648e-01;0.133269;0
313/436/313.jpg;2.010493;1.365731e-01;-0.249881;7.959502e+00;8.253976;3.462485e+00;0.204415;1.796530e-01;0.156943;0
313/437/313.jpg;5.102212;3.550117e+00;0.147939;9.724950e+00;9.664325;4.214320e+00;0.537680;4.712483e-01;0.354596;0
313/438/313.jpg;7.049094;-9.563036e-02;-1.084304;5.182135e+00;2.287178;1.696304e+00;0.294366;2.119936e-01;0.135954;0
313/439/313.jpg;5.218559;1.093286e+01;1.500085;6.407826e+00;4.451324;2.497723e+00;0.731660;6.061150e-01;0.405904;0
313/440/313.jpg;5.031049;2.530692e-01;-0.389297;1.139430e+01;13.085637;5.112402e+00;0.431464;3.884971e-01;0.294704;0
313/441/313.jpg;5.247061;6.979967e+00;0.758837;9.650738e+00;6.433918;3.352160e+00;0.542462;3.992372e-01;0.247473;0
313/442/313.jpg;8.764745;-2.109438e+00;-1.533034;6.932046e-01;0.356417;3.180168e-01;0.068256;6.543420e-02;0.066405;0
313/443/313.jpg;5.192421;1.395935e+01;2.374376;2.181720e+00;1.661435;9.717790e-01;0.111405;6.168894e-02;0.052949;0
313/444/313.jpg;4.988455;-2.135271e+00;-3.577011;6.766121e+00;3.253382;2.364035e+00;0.945133;1.129394e+00;1.043578;0
313/445/313.jpg;8.657346;4.738080e-01;0.156916;6.357832e+00;7.805206;3.067154e+00;0.520506;5.051408e-01;0.389726;0
314/446/314.jpg;2.694788;2.948373e+00;0.237230;6.198016e+00;5.611748;3.059690e+00;0.324194;2.887497e-01;0.215090;0
314/447/314.jpg;4.417850;3.245249e-01;-1.695232;7.336369e+00;6.446786;2.578015e+00;0.280165;1.866260e-01;0.118599;0
314/448/314.jpg;4.227390;-1.742619e+00;-4.426271;5.906671e+00;4.251851;2.158279e+00;0.374739;3.406742e-01;0.260142;0
314/449/314.jpg;8.612483;5.008984e-02;-0.995089;3.110930e+00;1.716016;8.023235e-01;0.165390;1.166092e-01;0.084516;0
314/450/314.jpg;4.904486;1.562909e+00;0.646810;5.084703e+00;4.670357;2.255563e+00;0.183768;1.274847e-01;0.089614;0
314/451/314.jpg;6.953142;9.542046e-01;0.102714;8.278286e+00;9.772624;3.144813e+00;0.268006;2.315363e-01;0.166142;0
315/452/315.jpg;1.705929;-3.331630e-02;-0.816800;9.100296e+00;6.449939;3.747375e+00;0.253927;1.492004e-01;0.092591;0
315/453/315.jpg;4.957093;4.083778e+00;0.846699;1.585439e+01;5.863780;3.402015e+00;0.567528;7.028077e-01;0.844422;0
315/454/315.jpg;6.753352;-1.938878e-01;-1.109170;6.325429e+00;5.252086;3.027156e+00;0.321186;1.909386e-01;0.110664;0
315/455/315.jpg;4.649350;1.278860e+01;2.572616;2.824964e+00;1.240612;8.099062e-01;0.204702;1.876817e-01;0.147861;0
315/456/315.jpg;4.450981;-3.212376e-01;-0.945557;9.677176e+00;10.015778;5.678920e+00;0.143101;9.227506e-02;0.067693;0
315/457/315.jpg;3.935616;8.776826e+00;1.731279;6.455607e+00;2.245622;1.597203e+00;0.528563;8.287948e-01;0.975117;0
315/458/315.jpg;8.801801;3.134563e-01;0.080183;7.537472e+00;4.668260;2.536127e+00;0.186731;1.329519e-01;0.094456;0
316/459/316.jpg;1.304404;2.456075e-01;-0.404264;6.961272e+00;5.828469;3.541831e+00;0.380636;2.784741e-01;0.181519;0
316/460/316.jpg;5.440823;4.380992e+00;0.335641;8.333591e+00;7.551041;3.334833e+00;0.914081;1.109047e+00;1.115413;0
316/461/316.jpg;7.899703;2.267681e-01;-0.069013;5.976737e+00;5.461367;2.450136e+00;0.248174;1.882876e-01;0.142814;0
316/462/316.jpg;5.062898;1.080691e+01;1.682361;6.755490e+00;3.918339;2.230613e+00;0.849701;9.642287e-01;0.914627;0
316/463/316.jpg;5.008318;-1.747885e+00;-2.325188;6.394343e+00;8.642397;3.475546e+00;0.063214;6.541400e-02;0.066820;0
316/464/316.jpg;4.710615;7.642493e+00;1.209902;6.881154e+00;6.427848;3.065709e+00;0.691037;6.885199e-01;0.562173;0
316/465/316.jpg;8.971612;-6.676265e-01;-0.641485;8.843662e-01;0.822347;4.215938e-01;0.130908;1.269671e-01;0.097091;0
316/466/316.jpg;5.061520;1.335132e+01;2.138172;2.698627e+00;1.496250;9.895824e-01;0.237761;1.483373e-01;0.094836;0
316/467/316.jpg;3.385873;-8.227996e-02;-0.931894;1.106033e+01;11.464831;5.071678e+00;0.370152;2.942852e-01;0.207400;0
317/468/317.jpg;1.770314;-3.679523e-02;-0.234286;5.612957e+00;5.430007;3.142891e+00;0.446112;3.608122e-01;0.249871;0
317/469/317.jpg;5.835489;3.391119e+00;0.163036;1.441125e+01;8.473427;5.316620e+00;0.740248;7.185043e-01;0.571442;0
317/470/317.jpg;5.268194;3.056109e-02;1.285458;1.598532e+01;11.248972;9.224635e+00;0.284533;2.390237e-01;0.191652;0
317/471/317.jpg;5.200613;1.016079e+01;0.964087;7.635761e+00;5.893178;3.130346e+00;0.515974;4.073026e-01;0.263462;0
317/472/317.jpg;4.665320;-2.432600e-01;-0.970793;1.187671e+01;9.110785;5.195835e+00;0.523429;4.112582e-01;0.266967;0
317/473/317.jpg;4.417496;6.013475e+00;0.539789;9.016553e+00;7.600777;4.172601e+00;0.643690;7.587973e-01;0.734388;0
317/474/317.jpg;7.037958;-4.117467e-03;-0.682334;7.221583e+00;5.946431;3.265089e+00;0.341424;2.255911e-01;0.133152;0
317/475/317.jpg;5.061826;1.296773e+01;1.412260;2.537752e+00;1.601696;1.195072e+00;0.117008;5.441266e-02;0.046180;0
317/476/317.jpg;2.846563;4.582974e-02;0.269817;1.445197e+01;12.680784;8.636324e+00;0.738107;6.547829e-01;0.462323;0
318/477/318.jpg;1.683338;6.669186e-01;-0.426678;1.015518e+01;9.146734;4.713167e+00;0.389595;3.100683e-01;0.217984;0
318/478/318.jpg;6.436217;1.927276e+00;3.250952;9.724287e+00;9.809664;3.707875e+00;0.638882;5.455911e-01;0.388813;0
318/479/318.jpg;5.765585;-9.712924e-01;-2.476999;5.024593e+00;3.311858;1.826880e+00;0.650201;6.455939e-01;0.579183;0
318/480/318.jpg;4.728189;4.489547e+00;0.730660;8.771274e+00;9.737897;3.916033e+00;0.463136;3.202586e-01;0.188635;0
318/481/318.jpg;5.028961;6.865204e-01;-0.287149;1.113541e+01;14.141671;5.064102e+00;0.633752;5.800480e-01;0.441283;0
318/482/318.jpg;8.917701;1.376003e+00;6.901728;6.369727e+00;3.870995;2.046707e+00;0.164393;9.513929e-02;0.066204;0
318/483/318.jpg;6.903767;3.423349e-01;-0.535598;4.840010e+00;4.344615;1.872837e+00;0.262777;1.299709e-01;0.073860;0
318/484/318.jpg;3.894524;8.925935e+00;1.525380;4.776745e+00;3.700280;2.041723e+00;0.164527;9.920723e-02;0.075516;0
318/485/318.jpg;3.168152;-1.237549e-01;-1.795398;1.269312e+01;9.890901;5.419126e+00;0.324720;2.662176e-01;0.190187;0
318/486/318.jpg;7.271584;4.257313e+00;6.077657;3.717959e+00;4.511008;1.769168e+00;0.105111;6.140551e-02;0.054039;0
318/487/318.jpg;8.756890;-9.402408e-01;-1.137013;5.606102e+00;3.391661;1.857857e+00;0.429784;6.527432e-01;1.283332;0
319/488/319.jpg;2.540827;2.565715e+00;0.299346;8.661738e+00;5.973757;3.618158e+00;0.315229;2.309562e-01;0.161024;0
319/489/319.jpg;6.359398;1.937070e+00;1.156772;8.922098e+00;6.664188;3.427031e+00;0.239385;1.967615e-01;0.134695;0
319/490/319.jpg;5.834401;-1.139825e+00;-0.466714;3.370266e+00;2.393704;1.254069e+00;0.030358;2.438422e-02;0.039033;0
319/491/319.jpg;8.135448;5.892868e-01;-0.001185;5.912891e+00;3.464152;1.793741e+00;0.234979;1.461191e-01;0.096001;0
319/492/319.jpg;4.085694;1.752302e-01;-0.354612;1.138838e+01;9.384020;4.667008e+00;0.271495;2.379408e-01;0.175421;0
320/493/320.jpg;1.542741;1.009414e-01;-0.782065;7.272507e+00;6.717477;3.549485e+00;0.270951;2.213263e-01;0.160558;0
320/494/320.jpg;3.437298;4.465322e+00;0.352676;8.943628e+00;9.053233;3.992973e+00;0.365297;3.109942e-01;0.258485;0
320/495/320.jpg;7.155221;-2.376850e-02;-0.887905;8.321774e+00;5.842966;3.068175e+00;0.588282;4.479942e-01;0.274605;0
320/496/320.jpg;4.971939;8.918026e+00;1.194965;7.163068e+00;7.041937;3.217367e+00;0.520970;4.986595e-01;0.418202;0
320/497/320.jpg;4.882283;2.514124e-02;-0.822793;1.183237e+01;9.257762;4.468462e+00;0.397750;2.879758e-01;0.186632;0
320/498/320.jpg;6.899718;4.762296e+00;0.398904;1.064733e+01;8.194993;4.370054e+00;0.498819;4.677352e-01;0.374588;0
320/499/320.jpg;9.007183;1.500051e-01;-0.214641;4.027624e+00;3.257394;1.737583e+00;0.348068;2.364742e-01;0.143411;0
320/500/320.jpg;5.010413;1.319507e+01;2.029345;2.734770e+00;1.869968;1.189205e+00;0.145545;7.371407e-02;0.055239;0
321/501/321.jpg;2.893667;2.935801e+00;0.327456;8.197428e+00;6.825371;4.011881e+00;0.181017;1.188342e-01;0.086819;0
321/502/321.jpg;8.362990;2.508536e-01;-0.144811;8.425033e+00;6.307880;5.224236e+00;0.402094;3.012971e-01;0.188881;0
321/503/321.jpg;4.451025;2.728995e-01;-1.501201;7.900183e+00;7.663626;4.362064e+00;0.394901;3.043528e-01;0.207359;0
321/504/321.jpg;6.989204;-2.742996e+00;-2.818097;1.374397e+00;1.001204;8.033856e-01;0.209975;1.823225e-01;0.133574;0
321/505/321.jpg;4.466044;5.786598e+00;1.969652;8.664824e+00;6.332143;3.559710e+00;1.987139;4.484895e+00;8.448219;0
321/506/321.jpg;7.897033;4.620581e-01;0.029785;1.435037e+01;19.257334;9.435682e+00;0.118521;6.768430e-02;0.054898;0
321/507/321.jpg;5.446371;1.139697e+00;0.145087;1.169840e+01;15.516268;6.926461e+00;0.294975;2.241294e-01;0.155834;0
411/508/411.jpg;9.457388;2.678082e-02;-0.004348;5.686479e-01;0.471483;3.849680e-01;0.027976;1.830922e-02;0.034678;0
411/509/411.jpg;7.983587;9.085308e-01;1.817071;4.264883e+00;3.776612;2.702384e+00;0.018454;1.745318e-02;0.035941;0
412/510/412.jpg;9.363494;-1.645322e-03;0.109332;5.997277e-01;0.646368;4.007224e-01;0.014562;2.554892e-03;0.027454;0
412/511/412.jpg;6.167837;-5.299345e-01;0.976614;6.630283e+00;8.819705;4.987420e+00;0.025794;3.210874e-02;0.044628;0
413/512/413.jpg;9.412310;1.101655e-01;0.326243;1.245517e+00;0.616939;4.278860e-01;-0.020378;-1.077472e-02;0.023852;0
413/513/413.jpg;6.880737;4.376566e+00;3.596760;8.758766e+00;7.832778;5.108986e+00;0.218239;1.859283e-01;0.137508;0
414/514/414.jpg;9.391001;1.142956e-01;0.379394;7.570345e-01;0.830717;5.890620e-01;0.006825;-2.641687e-05;0.026823;0
414/515/414.jpg;5.428578;8.634003e-02;-0.448430;1.354729e+01;10.673919;7.728029e+00;0.107690;7.947104e-02;0.066449;0
415/516/415.jpg;9.400113;8.740412e-02;0.266936;5.758082e-01;0.480360;3.476362e-01;-0.000801;-2.946336e-03;0.025999;0
415/517/415.jpg;6.565070;5.096676e-01;1.131842;1.159356e+01;7.425500;4.789066e+00;0.110026;8.927516e-02;0.074032;0
416/518/416.jpg;9.450610;6.244289e-02;0.203466;5.840883e-01;0.504177;4.285627e-01;-0.006542;-5.718433e-03;0.025202;0
416/519/416.jpg;6.493182;-1.385483e-01;1.771551;1.649387e+01;10.596081;7.864432e+00;0.135955;1.238902e-01;0.096582;0
417/520/417.jpg;9.416296;1.039216e-01;0.153869;5.274789e-01;0.507170;3.267414e-01;0.010595;4.907008e-04;0.026810;0
417/521/417.jpg;6.683034;1.952738e-01;1.770497;1.143145e+01;7.825807;5.200791e+00;0.067792;5.098568e-02;0.051732;0
418/522/418.jpg;9.396558;1.086006e-01;0.158720;1.251418e+00;0.445734;3.373628e-01;0.011421;6.822688e-04;0.026860;0
418/523/418.jpg;6.583845;2.128086e+00;2.361718;5.841640e+00;6.366667;3.939668e+00;0.062467;5.697902e-02;0.058358;0
419/524/419.jpg;9.423077;2.076807e-02;0.155091;6.440238e-01;0.621785;4.389383e-01;0.007094;6.265176e-05;0.026839;0
419/525/419.jpg;6.288741;-1.859668e-01;2.268358;1.113179e+01;8.835836;5.567358e+00;0.099147;7.489406e-02;0.063980;0
420/526/420.jpg;9.475206;4.853368e-02;0.027449;4.444054e-01;0.341943;2.886451e-01;-0.004138;-5.272440e-03;0.025241;0
420/527/420.jpg;7.038771;2.717618e-02;3.393053;6.736095e+00;6.289109;4.711979e+00;0.068014;6.251191e-02;0.062611;0
421/528/421.jpg;9.364922;1.911196e-01;0.280938;1.185465e+00;0.425334;3.268768e-01;-0.006878;-5.918189e-03;0.025096;0
421/529/421.jpg;6.758683;2.700181e+00;3.225778;8.235278e+00;7.937821;5.348953e+00;0.066653;6.462845e-02;0.063680;0
511/530/511.jpg;5.092940;-7.838572e-01;1.097268;3.808095e+00;4.194348;2.242651e+00;0.101414;6.337252e-02;0.056137;0
511/531/511.jpg;6.574422;-1.740580e+00;4.076464;3.879277e+00;3.578598;2.340347e+00;0.025177;1.640200e-02;0.034459;0
511/532/511.jpg;9.189675;-2.501603e-01;-0.151778;1.619432e+00;1.188635;8.069029e-01;0.163745;1.949547e-01;0.155364;0
512/533/512.jpg;3.966694;1.214125e+00;0.788847;5.957378e+00;8.762082;4.975705e+00;0.206650;1.569495e-01;0.112453;0
512/534/512.jpg;5.939562;-9.654705e-01;2.726358;7.244350e+00;7.339624;5.304550e+00;0.278123;1.763165e-01;0.106201;0
512/535/512.jpg;8.260078;-7.460603e-01;0.273158;6.153775e+00;5.383195;4.007738e+00;0.358667;3.746447e-01;0.321619;0
512/536/512.jpg;7.768098;-8.308032e-01;3.892636;5.014804e+00;5.326336;3.749969e+00;0.117060;6.429730e-02;0.051974;0
512/537/512.jpg;7.105302;1.705217e+00;1.686577;3.922619e+00;5.504291;3.523332e+00;0.030762;2.619231e-02;0.040531;0
513/538/513.jpg;5.680611;-8.069633e-01;1.778860;6.171587e+00;6.247707;3.407707e+00;0.349204;2.400250e-01;0.152337;0
513/539/513.jpg;7.846516;4.692995e-01;2.488237;4.732560e+00;4.139395;2.975297e+00;0.015984;1.159078e-02;0.031795;0
513/540/513.jpg;7.887837;-1.099352e+00;-2.222448;1.523095e+00;1.148671;7.016457e-01;0.232373;1.235352e-01;0.076507;0
514/541/514.jpg;6.047434;-2.074098e+00;1.232677;2.298545e+00;2.673322;1.015205e+00;0.255457;1.979011e-01;0.131234;0
514/542/514.jpg;7.449055;3.247457e-01;1.903964;2.330871e+00;3.223288;1.626650e+00;-0.009271;6.790567e-03;0.033317;0
514/543/514.jpg;7.265700;-1.006380e+00;-0.434078;1.368417e+00;1.679412;5.657095e-01;0.090810;6.403246e-02;0.059316;0
514/544/514.jpg;8.237981;1.348523e+00;3.869995;3.224848e+00;3.985368;2.287146e+00;0.067780;7.577567e-02;0.071539;0
515/545/515.jpg;6.233382;1.260876e+00;2.277925;4.179163e+00;4.539091;2.732494e+00;0.089231;4.245883e-02;0.041907;0
515/546/515.jpg;7.515295;2.468786e+00;4.633450;3.525826e+00;3.489721;2.371705e+00;0.092699;5.462762e-02;0.049014;0
515/547/515.jpg;8.789623;-9.371221e-02;0.021025;3.350309e+00;3.767869;2.315597e+00;0.137095;1.188869e-01;0.089538;0
516/548/516.jpg;3.424785;4.706478e-01;0.288439;3.919691e+00;5.373287;3.018117e+00;0.114643;9.728651e-02;0.087713;0
516/549/516.jpg;8.518796;7.666334e-01;0.242683;2.513551e+00;3.374845;1.624249e+00;0.218316;1.523257e-01;0.101659;0
516/550/516.jpg;5.993540;9.352029e-01;1.106104;3.493812e+00;4.769316;2.410363e+00;0.109361;6.292755e-02;0.051607;0
516/551/516.jpg;8.255520;5.486905e-02;3.530064;4.260662e+00;4.560952;2.781571e+00;0.184848;1.076528e-01;0.077307;0
517/552/517.jpg;4.349382;4.266658e-01;0.834131;3.938390e+00;6.352966;2.534435e+00;0.095785;7.697432e-02;0.064177;0
517/553/517.jpg;8.887814;1.983229e-01;-0.322122;1.476240e+00;1.726493;9.738982e-01;0.069486;5.294241e-02;0.051474;0
517/554/517.jpg;7.943839;8.346123e-01;1.887137;3.747993e+00;4.403620;2.234536e+00;0.107829;6.325892e-02;0.052933;0
518/555/518.jpg;8.178270;9.110665e-01;1.174625;3.221384e+00;3.118128;1.930395e+00;0.042731;1.736480e-02;0.032697;0
518/556/518.jpg;5.434770;7.584646e-01;-0.142986;6.181057e+00;6.944788;3.853941e+00;0.118335;5.182657e-02;0.044860;0
519/557/519.jpg;4.373259;6.472800e-01;0.542810;5.083837e+00;6.090748;2.863663e+00;0.179001;1.242648e-01;0.086535;0
519/558/519.jpg;7.365342;1.282163e+00;1.911143;4.174185e+00;4.468967;2.229042e+00;0.017706;5.686574e-03;0.028936;0
519/559/519.jpg;7.741280;6.023374e-02;-1.088374;2.259231e+00;1.787952;9.787160e-01;0.761435;7.078657e-01;0.531048;0
520/560/520.jpg;3.772476;3.674906e-01;-0.564200;3.434884e+00;4.540909;1.750609e+00;0.368905;2.479817e-01;0.149103;0
520/561/520.jpg;7.934835;1.300633e+00;0.321862;2.958883e+00;3.125150;1.744046e+00;0.005765;1.038895e-02;0.032736;0
520/562/520.jpg;5.613480;-5.650526e-01;0.481438;2.797240e+00;3.094972;1.118977e+00;0.108624;7.437468e-02;0.061666;0
521/563/521.jpg;5.939230;9.818779e-01;1.414926;5.257049e+00;6.563269;3.291469e+00;0.098141;7.385284e-02;0.063668;0
521/564/521.jpg;6.659918;-1.319150e+00;3.951588;3.088067e+00;3.117012;1.902443e+00;0.114836;2.073637e-01;0.260564;0
521/565/521.jpg;8.784950;-2.023718e-01;-1.190590;9.775257e-01;0.913988;5.598091e-01;0.159433;1.858202e-01;0.145397;0
521/566/521.jpg;8.560556;1.145749e+00;1.981534;2.816880e+00;2.392118;1.557435e+00;0.054050;2.046366e-02;0.033566;0
611/567/611.jpg;1.712893;-3.266323e-03;0.167860;1.914383e+00;1.835419;9.711090e-01;0.126929;5.152839e-02;0.042317;0
611/568/611.jpg;7.513801;9.348982e-01;1.811521;1.933259e+00;1.813980;1.017262e+00;-0.049754;-1.943089e-02;0.022264;0
612/569/612.jpg;1.934764;7.867289e-02;0.121953;7.784021e-01;0.801973;4.348962e-01;0.332559;1.860287e-01;0.101425;0
612/570/612.jpg;6.947842;4.479125e+00;-0.950434;2.724366e+00;3.030429;1.624211e+00;0.092375;5.233701e-02;0.046685;0
612/571/612.jpg;3.459810;-7.866247e-01;0.777233;8.100923e-01;0.875331;4.151084e-01;0.409792;2.616927e-01;0.153191;0
612/572/612.jpg;5.273137;7.442397e+00;-2.559561;2.844448e+00;3.003189;1.445866e+00;0.290476;1.643027e-01;0.092843;0
612/573/612.jpg;2.585694;2.618608e+00;-0.468162;2.027249e+00;2.004728;7.765663e-01;0.518591;1.036859e+00;2.020201;0
612/574/612.jpg;8.334430;2.026707e+00;-0.103173;1.481317e+00;1.464286;9.151633e-01;0.030603;1.333577e-02;0.031593;0
613/575/613.jpg;1.209646;6.027440e-02;0.017140;1.197510e+00;1.238885;7.812123e-01;0.165138;7.208149e-02;0.049679;0
613/576/613.jpg;5.438688;8.407839e+00;0.353133;3.506183e+00;2.645551;1.567064e+00;0.028174;1.322046e-02;0.032162;0
613/577/613.jpg;6.594091;2.763713e+00;-0.665818;3.596203e+00;3.295059;1.807161e+00;0.267782;1.383432e-01;0.077285;0
613/578/613.jpg;6.894160;4.944728e+00;-0.295228;1.919279e+00;1.692244;1.076844e+00;0.007363;2.172731e-03;0.027744;0
614/579/614.jpg;2.157996;2.922932e-01;0.039239;7.358245e-01;0.717345;3.978014e-01;0.336708;1.990154e-01;0.111495;0
614/580/614.jpg;7.529775;5.758578e+00;3.098776;1.603735e+00;1.692518;7.455496e-01;0.033468;1.090890e-02;0.029990;0
614/581/614.jpg;4.383221;3.222185e+00;1.244632;2.271037e+00;2.210435;9.291422e-01;0.652597;5.543919e-01;0.385218;0
614/582/614.jpg;6.375819;9.571627e+00;4.410656;2.641755e+00;2.609564;1.124766e+00;0.032436;2.175193e-02;0.036384;0
614/583/614.jpg;3.706845;-3.475671e-01;0.637741;6.953269e-01;0.656262;3.877783e-01;0.420928;2.590856e-01;0.141919;0
615/584/615.jpg;1.569561;1.799953e-01;-0.000345;8.876636e-01;0.907222;5.519170e-01;0.162605;8.657064e-02;0.062061;0
615/585/615.jpg;7.382786;3.877980e+00;2.837639;1.877331e+00;1.897580;9.124977e-01;0.020349;3.579065e-03;0.027275;0
615/586/615.jpg;3.029833;1.847243e-03;0.590879;1.746072e+00;1.889662;9.081013e-01;0.443738;3.949445e-01;0.310020;0
615/587/615.jpg;7.523328;5.055863e+00;5.289287;1.859320e+00;1.660304;8.880069e-01;-0.020395;-5.487405e-03;0.026630;0
616/588/616.jpg;2.861429;8.384470e-01;0.291039;8.531378e-01;0.858866;4.703515e-01;0.298321;1.590706e-01;0.088766;0
616/589/616.jpg;3.489135;7.683212e+00;0.496016;1.702359e+00;1.530862;6.184307e-01;0.339649;2.590693e-01;0.172009;0
616/590/616.jpg;5.045143;-6.606745e-01;2.040053;1.559274e+00;1.740435;9.787113e-01;0.353075;2.154620e-01;0.123506;0
616/591/616.jpg;4.323101;1.138199e+01;1.297014;6.086540e-01;0.651184;3.384686e-01;-0.049302;-1.942001e-02;0.021948;0
617/592/617.jpg;1.255731;1.086055e-02;0.017900;9.572061e-01;0.914100;6.332449e-01;0.159626;7.654070e-02;0.053702;0
617/593/617.jpg;7.579143;2.274055e+00;1.206663;2.172806e+00;1.923037;1.124886e+00;0.041437;1.462510e-02;0.031013;0
617/594/617.jpg;3.062016;9.292357e-01;0.511096;4.643345e+00;3.957484;2.335991e+00;0.831591;7.521406e-01;0.553506;0
617/595/617.jpg;7.447118;3.001134e+00;4.511343;1.789482e+00;1.098655;6.912727e-01;0.033738;1.600620e-02;0.032900;0
618/596/618.jpg;2.243607;7.872189e-02;0.034488;1.113336e+00;1.153365;5.390509e-01;0.197872;9.622055e-02;0.060589;0
618/597/618.jpg;4.554337;1.084422e+01;0.059119;1.180300e+00;1.090164;5.443189e-01;0.036511;2.226419e-02;0.036235;0
618/598/618.jpg;4.460810;-8.359097e-01;1.465365;1.579443e+00;1.272372;5.079390e-01;0.486118;3.642219e-01;0.237384;0
618/599/618.jpg;5.312796;1.047281e+01;-2.723837;1.177942e+00;1.037456;5.412431e-01;0.050030;2.042765e-02;0.033382;0
619/600/619.jpg;2.410972;4.343725e-02;0.137434;2.107632e+00;2.286691;9.565488e-01;0.402124;2.427811e-01;0.134388;0
619/601/619.jpg;6.709064;7.770095e+00;2.090057;1.757699e+00;1.724924;9.602518e-01;0.023754;9.670923e-03;0.029950;0
619/602/619.jpg;5.114789;-7.399627e-01;1.006397;1.831087e+00;2.111245;7.510937e-01;0.343237;2.220752e-01;0.136144;0
619/603/619.jpg;5.982154;1.036256e+01;2.542522;1.678036e+00;1.667005;9.166666e-01;0.106514;4.829000e-02;0.043454;0
619/604/619.jpg;3.929560;1.913015e+00;0.421219;2.023580e+00;1.806810;8.286387e-01;0.126497;1.004280e-01;0.087761;0
620/605/620.jpg;2.907117;1.413750e-01;0.501783;2.207494e+00;2.247726;9.573919e-01;0.581552;4.503938e-01;0.282418;0
620/606/620.jpg;6.246690;5.673051e+00;2.671136;4.954491e+00;5.025936;3.118428e+00;-0.058639;-2.342948e-02;0.020732;0
620/607/620.jpg;6.101168;-6.950593e-01;0.429264;1.927777e+00;1.903749;8.906819e-01;0.467546;2.999853e-01;0.166207;0
620/608/620.jpg;4.545532;1.192820e+01;1.442167;6.762264e-01;0.662653;4.039460e-01;-0.023517;-1.295189e-02;0.023047;0
620/609/620.jpg;4.380386;-4.622766e-01;1.373800;2.441446e+00;2.486359;1.036003e+00;0.462098;2.993428e-01;0.165969;0
621/610/621.jpg;1.647536;2.004240e-01;0.018996;1.431163e+00;1.328651;7.550688e-01;0.323724;1.789881e-01;0.097544;0
621/611/621.jpg;6.787690;5.464919e+00;0.302692;2.426002e+00;2.564905;1.321469e+00;0.184919;1.576734e-01;0.139861;0
621/612/621.jpg;4.340575;-6.326518e-01;0.405259;2.098149e+00;1.978428;1.224903e+00;0.606107;4.872367e-01;0.313966;0
621/613/621.jpg;4.966250;1.083486e+01;0.061238;1.802407e+00;1.551170;8.068516e-01;0.031189;1.488466e-02;0.032361;0
621/614/621.jpg;2.825205;-7.928128e-02;0.289735;2.077048e+00;1.916975;1.107767e+00;0.491704;3.281406e-01;0.190407;0
621/615/621.jpg;6.241648;8.202971e+00;0.398678;2.612393e+00;2.386647;1.182542e+00;0.101596;5.727752e-02;0.049887;0
621/616/621.jpg;5.630651;-3.854610e-01;2.671786;1.569398e+00;1.165163;5.210031e-01;1.126439;1.136165e+00;0.922585;0
711/617/711.jpg;5.997050;1.091016e+00;0.443714;4.229798e+00;7.104067;3.041178e+00;-0.039736;-1.002837e-02;0.026008;0
711/618/711.jpg;7.967012;-7.406175e-01;5.031411;4.184284e+00;4.194015;2.510131e+00;0.206642;1.189024e-01;0.077410;0
711/619/711.jpg;7.446917;-1.215767e+00;3.410110;2.305119e+00;2.401234;1.156808e+00;0.089694;4.928607e-02;0.046289;0
711/620/711.jpg;8.536951;-1.527989e-01;6.799815;4.575567e+00;4.569105;3.268348e+00;0.289101;2.359598e-01;0.157663;0
712/621/712.jpg;4.943346;-4.076280e-02;1.170070;8.291640e+00;8.521044;5.430270e+00;0.121954;6.686439e-02;0.055978;0
712/622/712.jpg;7.055366;-2.139154e+00;-1.256212;5.795933e+00;5.344444;3.891057e+00;0.007617;1.589589e-02;0.037097;0
712/623/712.jpg;5.529030;-1.967469e+00;2.706091;5.436031e+00;5.736998;3.917391e+00;0.187031;1.168978e-01;0.082562;0
712/624/712.jpg;6.975688;-9.866621e-01;3.056058;3.687749e+00;4.377310;2.961318e+00;0.091274;6.904985e-02;0.060879;0
712/625/712.jpg;5.554235;3.566884e+00;2.204384;4.440022e+00;6.154105;2.955664e+00;0.133575;1.097738e-01;0.094672;0
712/626/712.jpg;7.892948;7.291865e-01;0.784483;5.192839e+00;5.200585;3.079165e+00;0.240004;1.994429e-01;0.154492;0
713/627/713.jpg;3.065551;-4.798896e-01;0.661460;9.869260e+00;9.898913;7.513211e+00;0.136119;1.160038e-01;0.088974;0
713/628/713.jpg;5.418732;-1.870212e+00;2.890243;5.603842e+00;6.486907;4.588151e+00;0.079388;3.981714e-02;0.041512;0
713/629/713.jpg;4.951279;8.552634e-01;1.536310;6.369983e+00;8.278449;4.941565e+00;0.309279;2.250807e-01;0.145925;0
713/630/713.jpg;8.213673;8.642312e-01;0.447134;2.492643e+00;3.361692;1.487723e+00;-0.001821;8.053318e-03;0.032339;0
714/631/714.jpg;3.733667;-8.567218e-01;-0.855775;9.656844e-01;0.946227;4.048744e-01;0.034624;4.459743e-02;0.051197;0
714/632/714.jpg;5.095126;3.953902e+00;2.210568;3.592660e+00;6.555144;2.241855e+00;0.032986;4.141600e-02;0.056387;0
714/633/714.jpg;7.497658;-1.101581e-01;-0.953923;3.926811e+00;1.736078;6.412167e-01;0.215641;2.255674e-01;0.168588;0
714/634/714.jpg;6.614235;-7.810803e-01;2.967994;1.915114e+00;2.587470;1.345874e+00;0.061144;4.113431e-02;0.044479;0
715/635/715.jpg;2.186534;-4.025290e-01;-1.939175;1.277783e+00;1.390424;6.094545e-01;0.205182;1.803108e-01;0.138036;0
715/636/715.jpg;5.357341;2.623388e+00;1.999926;3.791241e+00;7.015988;2.530002e+00;0.412999;3.317703e-01;0.214354;0
715/637/715.jpg;7.096063;-7.125698e-01;-0.988277;4.857642e+00;3.315205;1.297144e+00;0.157795;1.896692e-01;0.158267;0
715/638/715.jpg;5.839225;-1.581006e+00;3.233743;2.630429e+00;3.394069;1.878643e+00;0.029088;3.851537e-02;0.047329;0
715/639/715.jpg;3.535331;-1.566682e+00;-0.384250;1.834135e+00;1.351748;6.342862e-01;0.078225;6.411419e-02;0.060973;0
716/640/716.jpg;2.863443;1.166959e+00;-0.020332;3.910747e+00;5.620606;2.628999e+00;0.099031;9.225690e-02;0.083541;0
716/641/716.jpg;7.969017;-2.842983e-01;4.078767;4.583401e+00;5.047244;3.224962e+00;0.289747;1.894137e-01;0.117510;0
716/642/716.jpg;7.640323;-7.460921e-01;1.516827;1.731610e+00;1.933052;8.657916e-01;0.079675;5.068772e-02;0.048525;0
716/643/716.jpg;8.688607;7.736127e-02;6.255246;3.950697e+00;4.254660;2.819281e+00;0.218653;2.174562e-01;0.162004;0
716/644/716.jpg;6.146552;3.233677e+00;1.209906;3.694468e+00;5.678821;2.503012e+00;0.263308;1.891427e-01;0.120708;0
717/645/717.jpg;5.218225;4.298000e+00;2.648350;4.016139e+00;5.630002;2.492000e+00;0.002056;3.420489e-03;0.029196;0
717/646/717.jpg;3.944580;-2.893633e-01;1.123265;4.222430e+00;6.294485;2.452738e+00;0.260055;2.406032e-01;0.204015;0
717/647/717.jpg;8.765668;2.437570e-01;0.510112;4.430809e+00;2.868364;1.042925e+00;0.165794;1.069523e-01;0.074876;0
717/648/717.jpg;6.235788;-6.678713e-01;3.362659;3.777531e+00;3.708888;2.077173e+00;0.100128;4.225628e-02;0.040463;0
718/649/718.jpg;3.998542;-8.277708e-01;1.781266;8.620992e+00;8.298203;6.282856e+00;0.144292;1.002483e-01;0.073524;0
718/650/718.jpg;6.318998;-1.291695e+00;3.944662;5.804667e+00;5.324247;4.366746e+00;0.022007;1.453903e-02;0.033297;0
718/651/718.jpg;6.401490;9.045923e-01;1.516247;6.297503e+00;6.490878;4.261658e+00;0.144025;1.127210e-01;0.086577;0
719/652/719.jpg;5.849020;2.405337e+00;0.557107;4.440679e+00;6.764684;3.137845e+00;-0.003040;2.724089e-03;0.029072;0
719/653/719.jpg;8.525975;-4.321191e-01;4.340579;4.144230e+00;4.790310;3.176481e+00;0.142201;1.306984e-01;0.097932;0
719/654/719.jpg;8.068060;-1.515285e+00;1.167475;1.708048e+00;1.885242;8.206928e-01;0.032768;1.910359e-02;0.034534;0
720/655/720.jpg;5.796519;2.151406e+00;0.215087;5.438573e+00;6.760918;3.990724e+00;-0.007350;-6.094742e-04;0.027734;0
720/656/720.jpg;7.539780;-1.808275e+00;1.176748;4.161978e+00;4.948472;3.070714e+00;-0.004972;-5.262086e-03;0.025301;0
721/657/721.jpg;2.747017;-7.188099e-01;-0.606625;2.041113e+00;1.907579;6.918592e-01;-0.025977;-6.308544e-03;0.027302;0
721/658/721.jpg;5.485747;4.169485e+00;2.898558;4.349573e+00;6.499877;2.563287e+00;0.324040;2.784386e-01;0.194545;0
721/659/721.jpg;8.102830;2.649051e-01;0.164506;5.155704e+00;3.482853;1.288463e+00;0.207624;2.162418e-01;0.189651;0
721/660/721.jpg;6.715380;-5.967776e-01;3.863889;2.131351e+00;2.553933;1.369568e+00;0.006622;2.259189e-02;0.039810;0
721/661/721.jpg;4.770168;-5.156481e-01;1.735863;2.926833e+00;2.496938;9.225619e-01;0.065506;5.503124e-02;0.057363;0
811/662/811.jpg;1.741140;2.283726e+00;-0.506385;1.468174e+00;1.479872;9.072955e-01;0.371457;4.573123e-01;0.436896;0
811/663/811.jpg;7.623767;-1.690685e+00;-1.951523;6.028693e-01;0.623358;3.330938e-01;-0.001232;8.705505e-03;0.032376;0
811/664/811.jpg;4.149380;-9.971301e-01;-0.337546;6.269548e+00;6.659677;2.845726e+00;0.294530;2.569615e-01;0.182595;0
811/665/811.jpg;8.450298;-7.538926e-02;0.407807;2.792408e+00;3.126605;1.638692e+00;0.075227;6.383439e-02;0.058754;0
812/666/812.jpg;7.923272;-7.197387e-01;-0.811096;3.187646e+00;2.758600;2.000284e+00;0.081350;5.712187e-02;0.053993;0
812/667/812.jpg;2.347738;4.317975e-01;0.259184;8.103763e+00;7.231737;5.203290e+00;0.021879;2.990977e-02;0.043123;0
812/668/812.jpg;7.439849;-2.507746e+00;-3.121834;3.565120e-01;0.260834;2.140155e-01;-0.013111;-2.906814e-03;0.027078;0
812/669/812.jpg;6.643848;-1.080336e+00;4.341058;5.672040e+00;5.578732;4.116535e+00;-0.016502;-5.225413e-03;0.026087;0
813/670/813.jpg;5.579929;5.407754e-01;1.021558;4.711349e+00;3.984063;2.492136e+00;-0.030315;-1.096027e-02;0.024502;0
813/671/813.jpg;6.546929;5.361498e-02;-1.691093;3.500138e+00;2.859668;2.003362e+00;0.062047;4.931206e-02;0.049328;0
813/672/813.jpg;8.006921;9.593526e-01;1.566753;4.124155e+00;3.419503;2.400405e+00;0.265075;1.445772e-01;0.082518;0
813/673/813.jpg;5.977037;-2.335225e+00;-5.300869;5.190048e-01;0.301071;3.502349e-01;0.053280;5.016275e-02;0.051326;0
814/674/814.jpg;8.822118;-2.248955e-02;0.133098;2.697212e+00;1.660943;1.260802e+00;0.242299;1.328214e-01;0.079449;0
814/675/814.jpg;5.792630;-5.003827e-01;-1.798481;3.739240e+00;3.337088;2.195282e+00;-0.011501;-6.892776e-03;0.025004;0
815/676/815.jpg;4.223089;2.358220e-01;0.881125;5.354124e+00;3.659364;2.764543e+00;0.017104;2.830475e-02;0.044742;0
815/677/815.jpg;8.374338;-6.088547e-02;-0.732373;2.908635e+00;2.166847;1.957994e+00;0.077007;7.034753e-02;0.062028;0
815/678/815.jpg;6.152798;4.411474e-01;0.311429;6.511571e+00;4.518083;3.797982e+00;0.085605;4.407762e-02;0.044341;0
816/679/816.jpg;8.283867;1.121933e-01;-0.814364;1.732302e+00;1.389416;1.192120e+00;-0.029352;-4.005222e-03;0.028355;0
816/680/816.jpg;4.458510;1.268255e-01;1.778139;4.598985e+00;3.619680;2.268958e+00;0.043478;3.390532e-02;0.041975;0
817/681/817.jpg;4.413435;9.861951e-01;0.732444;9.117908e+00;7.581069;5.490355e+00;0.214950;1.521618e-01;0.105792;0
817/682/817.jpg;5.173122;-1.258627e+00;-3.327641;5.253344e+00;3.429340;2.932470e+00;0.522708;6.694438e-01;0.746000;0
817/683/817.jpg;7.270261;5.243211e-01;0.251404;6.562680e+00;4.903700;3.564303e+00;0.003847;1.417075e-02;0.036226;0
817/684/817.jpg;4.170481;-2.771918e+00;-5.356511;4.050951e-01;0.254170;2.597193e-01;0.102478;1.020411e-01;0.082294;0
817/685/817.jpg;1.865763;3.577208e+00;0.492331;2.651235e+00;2.308465;1.596818e+00;0.160817;1.385161e-01;0.104824;0
818/686/818.jpg;2.215716;1.443079e+00;-0.259746;3.038217e+00;2.710889;1.426095e+00;0.249885;2.063863e-01;0.152081;0
818/687/818.jpg;7.880711;-2.361933e+00;-2.150301;2.589185e+00;2.333277;1.648894e+00;0.057609;3.415294e-02;0.039950;0
818/688/818.jpg;6.430125;-8.819232e-01;1.401125;6.818604e+00;6.352764;4.292631e+00;0.214904;1.226854e-01;0.080861;0
818/689/818.jpg;8.894538;-1.025623e+00;-0.590211;2.542171e+00;2.248114;1.567937e+00;0.036435;3.014014e-02;0.043043;0
818/690/818.jpg;3.976849;-1.508653e+00;-0.622617;5.310586e+00;4.627907;3.129819e+00;0.329221;2.403075e-01;0.162982;0
819/691/819.jpg;5.050997;-4.738817e-02;-2.344372;1.042143e+01;8.396842;6.790067e+00;0.154642;9.836002e-02;0.072267;0
819/692/819.jpg;4.826410;-2.828463e+00;-7.098828;6.242470e-01;0.400206;5.143632e-01;0.102392;7.329525e-02;0.059966;0
819/693/819.jpg;6.729920;3.446762e-01;-0.399711;1.246737e+01;10.068140;7.838608e+00;0.021425;1.839283e-02;0.036017;0
820/694/820.jpg;3.392428;-1.054598e-01;-1.179104;4.709380e+00;4.326787;3.064751e+00;-0.002542;7.492153e-03;0.032310;0
820/695/820.jpg;7.479056;6.226029e-03;-1.142943;7.174649e-01;0.615706;3.745610e-01;-0.044316;-2.043618e-02;0.021091;0
820/696/820.jpg;5.463504;-9.756870e-02;3.048336;8.397035e+00;4.696267;4.119363e+00;0.052343;5.274004e-02;0.053300;0
821/697/821.jpg;5.142563;2.331059e-01;0.006033;6.493498e+00;7.374797;4.796350e+00;0.008943;1.590560e-02;0.036611;0
821/698/821.jpg;8.299965;3.223285e-02;-0.555136;2.331941e+00;2.031841;1.340223e+00;0.116565;6.980387e-02;0.059536;0
821/699/821.jpg;5.338911;-7.640262e-01;-2.319463;1.649558e+00;1.395391;8.060029e-01;0.053006;3.283129e-02;0.042679;0
911/700/911.jpg;4.530184;1.144763e+00;1.294763;7.416896e+00;7.633707;5.172694e+00;0.246738;1.739123e-01;0.114721;0
911/701/911.jpg;5.148677;3.851408e+00;2.119988;7.237024e+00;7.186096;5.069265e+00;0.114186;5.766781e-02;0.048325;0
911/702/911.jpg;4.165363;-1.545018e-02;-2.996088;9.193602e+00;6.540657;4.289693e+00;0.673623;6.018090e-01;0.436202;0
911/703/911.jpg;7.769981;3.328305e-01;1.080491;9.063462e+00;7.264914;4.714611e+00;0.635804;5.123972e-01;0.330564;0
911/704/911.jpg;5.662180;-2.470875e+00;3.731861;7.262459e+00;7.169508;5.072830e+00;0.111771;4.817442e-02;0.042624;0
911/705/911.jpg;7.622961;2.354793e+00;4.464486;4.254039e+00;4.225082;2.549362e+00;0.545330;4.115550e-01;0.257382;0
911/706/911.jpg;6.537926;-5.010026e+00;-0.801241;2.302578e+00;1.801668;9.651192e-01;0.171100;1.392114e-01;0.131748;0
911/707/911.jpg;9.035708;-5.114890e-02;-0.083626;2.947166e+00;2.648484;1.869531e+00;0.330107;1.877539e-01;0.106311;0
912/708/912.jpg;3.228229;-9.837362e-01;0.949378;4.363602e+00;7.537177;2.746183e+00;0.159009;1.891991e-01;0.181766;0
912/709/912.jpg;6.348971;5.395415e+00;-0.609731;3.190896e+00;3.480577;2.065806e+00;0.099615;1.210883e-01;0.143386;0
912/710/912.jpg;7.376632;3.716628e+00;-0.483194;1.397722e+00;1.203539;6.873071e-01;0.091416;8.896647e-02;0.092336;0
912/711/912.jpg;7.356406;2.279524e+00;3.613961;3.306506e+00;3.414901;1.759957e+00;0.265214;1.806247e-01;0.112351;0
912/712/912.jpg;5.221672;-8.238268e-01;4.018665;7.633868e+00;7.139257;4.711425e+00;0.074163;6.732765e-02;0.069015;0
912/713/912.jpg;5.135008;7.244080e+00;2.836603;3.974008e+00;4.590331;2.090378e+00;0.351967;2.510219e-01;0.159817;0
912/714/912.jpg;8.664525;1.038208e+00;0.666268;8.744593e-01;1.107094;3.657183e-01;0.002541;4.030049e-03;0.029595;0
912/715/912.jpg;6.801343;5.166660e+00;4.714833;2.863641e+00;2.875092;1.570933e+00;0.008082;1.476102e-02;0.035502;0
912/716/912.jpg;6.304450;4.810046e-01;-0.812222;4.841228e+00;6.647035;2.086257e+00;0.199219;2.170938e-01;0.228816;0
913/717/913.jpg;5.278120;1.323088e-02;2.257918;1.020793e+01;10.874763;6.613507e+00;0.250239;1.742809e-01;0.114849;0
913/718/913.jpg;7.436018;2.430882e+00;3.417961;6.485525e+00;6.189220;3.660975e+00;0.226497;1.981263e-01;0.166158;0
913/719/913.jpg;5.152069;5.839441e+00;2.531325;8.448234e+00;9.773012;6.252918e+00;-0.031604;-1.175456e-02;0.024232;0
913/720/913.jpg;8.926146;3.522331e-01;0.359767;1.805611e+00;1.902033;1.270532e+00;0.004465;2.182224e-03;0.028541;0
914/721/914.jpg;2.614478;-3.049460e-01;1.276709;5.255361e+00;6.515206;4.218586e+00;1.047909;1.441019e+00;1.851637;0
914/722/914.jpg;7.081305;2.342432e+00;2.381474;6.121053e+00;6.567038;5.004745e+00;0.227069;1.425363e-01;0.091060;0
914/723/914.jpg;6.118621;3.673141e+00;3.410889;4.662254e+00;4.379453;3.132992e+00;0.142240;8.713472e-02;0.063566;0
914/724/914.jpg;8.252231;2.455623e+00;4.527766;3.432491e+00;3.325666;2.137257e+00;0.316626;1.721698e-01;0.094056;0
914/725/914.jpg;4.392045;4.634946e+00;2.388251;6.689720e+00;5.857920;3.714401e+00;0.402776;2.985822e-01;0.194379;0
914/726/914.jpg;8.335063;1.541348e+00;1.010940;3.081276e+00;2.887061;2.423797e+00;0.461931;3.260550e-01;0.201808;0
915/727/915.jpg;3.982848;1.038227e+00;0.391672;5.694796e+00;4.626646;2.845320e+00;0.484303;3.358153e-01;0.193936;0
915/728/915.jpg;6.656319;3.254013e-01;-0.025132;3.191856e+00;2.787155;1.531389e+00;0.312274;2.041070e-01;0.138708;0
915/729/915.jpg;6.027522;3.391162e+00;1.810151;4.725398e+00;4.563577;2.496667e+00;0.028006;1.540570e-02;0.033051;0
915/730/915.jpg;8.222596;4.795013e-01;0.801796;3.018513e+00;2.287414;1.426097e+00;0.058604;2.723158e-02;0.037219;0
916/731/916.jpg;3.023414;7.181219e-01;0.419491;7.627350e+00;5.612101;3.891481e+00;0.317534;2.206881e-01;0.148284;0
916/732/916.jpg;6.338250;4.034718e+00;3.408168;6.831798e+00;6.501978;4.116385e+00;0.092677;4.775791e-02;0.044189;0
916/733/916.jpg;5.804461;1.343432e-01;-0.287854;2.607306e+00;2.379435;1.403992e+00;0.150657;7.529803e-02;0.055257;0
916/734/916.jpg;8.522746;1.450957e+00;2.731120;5.158427e+00;4.824412;3.008521e+00;0.021677;1.044976e-02;0.030760;0
916/735/916.jpg;4.518165;1.779427e-03;-1.306703;1.474716e+01;7.447893;7.579809e+00;0.063894;6.022560e-02;0.056580;0
917/736/917.jpg;4.538274;-2.335149e-02;1.651964;1.093744e+01;8.688754;5.767993e+00;0.223711;1.420756e-01;0.092698;0
917/737/917.jpg;4.368555;6.239922e+00;0.294190;7.006930e+00;6.086449;3.800044e+00;0.309766;1.791035e-01;0.100611;0
917/738/917.jpg;8.009995;1.125329e+00;0.633925;4.471246e+00;3.960047;2.545936e+00;0.288881;1.503673e-01;0.084173;0
917/739/917.jpg;6.351597;3.372161e+00;2.342350;6.952524e+00;6.272326;4.035614e+00;0.030588;2.566006e-02;0.038861;0
917/740/917.jpg;6.096133;1.618151e+00;1.185531;2.511893e+00;2.477125;1.280043e+00;0.147513;9.974397e-02;0.077795;0
918/741/918.jpg;1.612711;1.046769e-02;0.477745;3.545394e+00;3.231288;2.750781e+00;0.424805;2.937341e-01;0.174483;0
918/742/918.jpg;5.538241;-1.692708e+00;3.928826;7.048978e+00;6.361449;4.345322e+00;0.187175;1.794931e-01;0.160079;0
918/743/918.jpg;4.332813;-1.624609e+00;-3.693973;3.424846e+00;4.214826;2.065325e+00;0.632977;8.106074e-01;1.119436;0
918/744/918.jpg;4.889315;4.195066e+00;2.703464;7.168160e+00;6.528726;3.804553e+00;0.261075;1.992999e-01;0.133207;0
918/745/918.jpg;4.729076;-1.479498e-01;0.076553;1.405653e+01;12.104587;7.588409e+00;2.341936;4.973459e+00;9.184115;0
918/746/918.jpg;8.111909;7.778918e-01;1.114635;8.157357e+00;6.384233;3.900297e+00;0.431753;3.304665e-01;0.222157;0
918/747/918.jpg;7.469359;-3.275271e-01;-0.772349;1.073699e+01;8.246054;5.399843e+00;0.665535;5.622148e-01;0.387898;0
918/748/918.jpg;7.122875;2.956786e+00;4.188625;5.105089e+00;5.264326;3.165549e+00;0.117249;7.094996e-02;0.056347;0
918/749/918.jpg;2.424669;2.270716e-01;0.725289;1.204320e+01;10.266221;7.506050e+00;0.405307;2.931643e-01;0.181558;0
918/750/918.jpg;7.509040;2.116428e-01;3.649423;4.861905e+00;5.293491;2.986326e+00;0.365745;2.640361e-01;0.174014;0
918/751/918.jpg;6.469137;-2.441814e+00;-3.744967;2.600590e+00;3.250476;1.579934e+00;0.270818;3.574768e-01;0.445871;0
918/752/918.jpg;5.618208;7.187030e+00;2.803902;5.350849e+00;5.407550;3.029196e+00;0.051385;3.417177e-02;0.041527;0
919/753/919.jpg;6.151582;-1.978929e+00;3.546684;9.481726e+00;6.858776;4.772089e+00;0.347290;3.443373e-01;0.281659;0
919/754/919.jpg;4.304486;1.153170e+00;1.725663;1.030535e+01;5.395144;3.680940e+00;0.448625;3.350661e-01;0.235186;0
919/755/919.jpg;7.562196;1.488471e+00;-0.265672;5.571126e+00;3.883638;2.945682e+00;0.934511;9.619094e-01;0.808239;0
919/756/919.jpg;6.679198;2.658367e+00;4.250453;3.887017e+00;3.309319;2.015395e+00;0.308823;2.347198e-01;0.155934;0
919/757/919.jpg;7.795490;1.398450e+00;2.535802;5.070437e+00;4.017816;2.585279e+00;0.143764;7.748567e-02;0.056648;0
919/758/919.jpg;4.129710;4.265108e+00;2.116356;7.412995e+00;5.066321;3.352936e+00;0.381081;3.429278e-01;0.261381;0
919/759/919.jpg;8.679006;-1.999247e-01;0.221436;4.704714e+00;2.908223;2.232647e+00;0.267872;1.552895e-01;0.092015;0
920/760/920.jpg;4.846370;1.854550e+00;-2.133548;4.428599e+00;4.364555;3.858817e+00;2.038951;4.156257e+00;7.237817;0
920/761/920.jpg;4.985285;4.432376e+00;2.267249;5.104558e+00;6.118699;3.660936e+00;1.082716;1.412035e+00;1.647958;0
920/762/920.jpg;8.171033;1.216952e+00;3.155558;2.218652e+00;2.757750;1.291315e+00;0.088088;6.508789e-02;0.058058;0
920/763/920.jpg;5.123920;8.608862e-01;2.397319;6.756106e+00;12.783644;5.468830e+00;0.483214;4.777862e-01;0.429221;0
920/764/920.jpg;5.601651;-1.180620e+00;4.072771;5.207006e+00;6.162312;3.418869e+00;0.313144;2.200190e-01;0.141053;0
920/765/920.jpg;7.211166;2.936681e+00;4.534827;2.810376e+00;2.932720;1.733389e+00;0.355918;2.407796e-01;0.152242;0
920/766/920.jpg;8.850785;4.600284e-01;1.165022;3.188210e+00;4.530826;2.064506e+00;0.223265;1.333591e-01;0.084322;0
920/767/920.jpg;5.041616;9.205967e+00;1.048933;3.924521e+00;3.983718;3.026384e+00;0.662519;6.989241e-01;0.693823;0
920/768/920.jpg;5.368651;-2.690575e+00;-3.196428;4.668060e+00;4.522370;3.455666e+00;0.926759;1.452260e+00;2.449502;0
920/769/920.jpg;6.363464;6.074168e+00;3.597678;3.347890e+00;3.181895;2.490677e+00;0.687864;6.510216e-01;0.514083;0
921/770/921.jpg;3.253185;2.502093e-01;0.541228;3.672230e+00;2.694374;1.948014e+00;0.317229;1.938518e-01;0.112328;0
921/771/921.jpg;3.905170;4.895428e+00;0.298701;5.552715e+00;3.792852;2.881746e+00;0.409141;3.260238e-01;0.242442;0
921/772/921.jpg;7.597452;6.065539e-01;-0.164269;4.835731e+00;3.147970;2.425478e+00;0.478204;3.854603e-01;0.261611;0
921/773/921.jpg;5.156651;8.155351e+00;0.380524;6.680761e+00;4.532523;3.071348e+00;0.615267;5.498353e-01;0.420740;0
921/774/921.jpg;5.370739;9.989608e-01;1.521548;8.805660e+00;9.230524;5.258716e+00;0.463996;3.486934e-01;0.215321;0
921/775/921.jpg;6.361946;5.208099e+00;1.003422;9.851134e+00;6.408500;4.153621e+00;0.253971;1.967397e-01;0.140960;0
921/776/921.jpg;7.766216;2.670543e+00;2.548046;5.798220e+00;4.729701;3.001425e+00;0.031703;2.522184e-02;0.039630;0
921/777/921.jpg;5.156005;1.130989e+01;0.265502;2.405832e+00;1.720074;1.457417e+00;0.407044;3.126527e-01;0.200888;0
922/778/922.jpg;2.956334;6.024274e-01;0.731906;4.145140e+00;3.190502;2.377237e+00;0.901373;8.951329e-01;0.687222;0
922/779/922.jpg;7.262607;1.622209e+00;2.608138;6.052361e+00;5.785229;3.581075e+00;0.354404;2.379379e-01;0.142088;0
922/780/922.jpg;5.144751;4.299281e+00;2.488754;6.395153e+00;5.346126;3.466803e+00;0.182340;1.092167e-01;0.073547;0
922/781/922.jpg;5.916758;-1.494723e+00;3.742777;6.348024e+00;9.450097;4.258160e+00;0.508769;5.501574e-01;0.517404;0
922/782/922.jpg;4.973688;2.116204e+00;2.657716;7.407924e+00;5.969235;3.728449e+00;0.531667;4.104214e-01;0.259096;0
922/783/922.jpg;8.513560;1.055324e+00;1.749712;4.686421e+00;4.372343;2.905879e+00;0.335940;2.121732e-01;0.120886;0
922/784/922.jpg;4.455428;7.921698e+00;0.973836;5.940749e+00;5.142814;3.569799e+00;0.064163;4.098371e-02;0.044091;0
922/785/922.jpg;7.801512;1.631021e+00;4.640173;3.154668e+00;2.564682;1.582345e+00;0.231137;1.457004e-01;0.096382;0
922/786/922.jpg;4.426002;-6.786782e-02;2.171367;9.091221e+00;8.604333;4.948799e+00;0.873286;9.340335e-01;0.819003;0
