DY
692
11
attr0;attr1;attr2;attr3;attr4;attr5;attr6;attr7;attr8;attr9;attr10
10/1/10.jpg;4.341172;2.001338e+00;0.743449;4.005837e+00;4.166342;1.814734e+00;0.393258;3.098684e-01;0.206501;0
10/2/10.jpg;6.793897;1.998718e-01;0.389372;3.082611e+00;3.164081;1.274454e+00;0.369691;2.613573e-01;0.174451;0
10/3/10.jpg;6.730124;3.588253e+00;3.272697;2.223792e+00;2.234794;9.795159e-01;0.222236;1.488565e-01;0.097086;0
10/4/10.jpg;8.981645;1.354628e-01;0.377608;1.493111e+00;1.515786;6.615807e-01;0.314034;1.668340e-01;0.092633;0
10/5/10.jpg;5.068696;7.103896e+00;1.503571;4.552985e+00;4.266126;2.378672e+00;0.625489;6.262805e-01;0.504969;0
10/6/10.jpg;7.469415;2.286296e+00;1.628419;2.378443e+00;2.400872;1.046234e+00;0.191173;1.173418e-01;0.078027;0
11/7/11.jpg;4.277287;4.689561e-01;0.613943;3.829218e+00;4.280950;2.076191e+00;0.551835;4.480687e-01;0.297479;0
11/8/11.jpg;6.148430;2.823883e+00;1.834825;3.671543e+00;4.595876;2.148485e+00;0.018226;1.996711e-02;0.036743;0
11/9/11.jpg;8.507633;3.460268e-01;0.487029;3.631331e+00;3.693452;1.825967e+00;0.087277;3.881406e-02;0.040098;0
11/10/11.jpg;7.196717;-4.244354e-03;3.175476;3.980905e+00;4.152944;2.695538e+00;0.107459;5.590311e-02;0.050790;0
11/11/11.jpg;6.139463;-1.935635e+00;-2.113874;5.152050e+00;6.264494;3.199352e+00;0.417818;4.537610e-01;0.463979;0
12/12/12.jpg;3.070458;1.735570e+00;0.423660;3.280790e+00;2.859869;1.538895e+00;0.699879;5.530864e-01;0.350543;0
12/13/12.jpg;4.208752;4.764065e+00;1.388464;2.976898e+00;2.696478;1.208102e+00;0.748055;6.800181e-01;0.482354;0
12/14/12.jpg;6.556457;-1.055793e-01;1.473031;5.013204e+00;4.516389;2.152134e+00;0.239741;1.714643e-01;0.116809;0
12/15/12.jpg;6.506245;2.953971e+00;1.803496;2.804946e+00;2.764212;1.198258e+00;0.286444;1.768931e-01;0.111828;0
12/16/12.jpg;4.626129;2.768200e-01;0.988008;5.611278e+00;5.604850;2.521682e+00;0.318191;2.055911e-01;0.124551;0
12/17/12.jpg;5.851831;7.798503e+00;2.015901;2.374514e+00;1.839669;1.009266e+00;0.425495;4.173531e-01;0.355199;0
12/18/12.jpg;8.725036;1.778596e-01;0.363308;2.524522e+00;2.729621;1.089540e+00;0.069823;5.167505e-02;0.050939;0
12/19/12.jpg;8.079291;1.777488e+00;5.626493;2.770421e+00;3.154221;1.412014e+00;0.531295;7.044841e-01;0.840945;0
13/20/13.jpg;3.452934;1.171982e+00;0.494124;5.431913e+00;6.666411;3.600644e+00;0.182186;1.042149e-01;0.068190;0
13/21/13.jpg;6.020133;-8.203666e-01;3.465223;5.801769e+00;5.223233;3.878495e+00;0.288207;1.969973e-01;0.126788;0
13/22/13.jpg;4.685978;4.087273e+00;1.409549;6.007638e+00;6.325777;3.411688e+00;0.547859;4.208044e-01;0.260446;0
13/23/13.jpg;6.672411;5.547263e-01;0.572000;5.688335e+00;6.526953;3.126236e+00;0.467932;3.508618e-01;0.224365;0
13/24/13.jpg;5.202880;-1.094972e-01;-1.725890;7.510449e+00;7.724081;5.071806e+00;0.899642;8.622370e-01;0.676665;0
13/25/13.jpg;7.743559;1.482080e+00;3.784253;3.594025e+00;7.201664;2.544906e+00;0.320360;2.593940e-01;0.185121;0
13/26/13.jpg;6.093806;2.087394e+00;1.727878;5.606160e+00;7.466096;3.375842e+00;0.214567;1.526868e-01;0.102759;0
13/27/13.jpg;8.634097;1.520131e-01;0.008499;3.401042e+00;4.912556;1.937456e+00;0.357002;2.542365e-01;0.174176;0
14/28/14.jpg;5.485362;2.031906e-01;1.043230;3.767905e+00;4.389268;2.378822e+00;0.029648;1.776417e-02;0.035425;0
14/29/14.jpg;8.469798;-1.131120e+00;3.968348;2.440520e+00;2.107135;1.588226e+00;0.080424;8.938587e-02;0.076085;0
14/30/14.jpg;8.086923;-1.359669e-02;0.615293;3.225374e+00;3.198646;1.944569e+00;0.098447;6.338971e-02;0.056544;0
15/31/15.jpg;8.919926;1.046302e-01;0.200767;1.571031e+00;1.823966;7.550588e-01;0.135144;9.104344e-02;0.072400;0
15/32/15.jpg;2.736549;1.023352e+00;0.363933;3.810971e+00;4.126427;2.503738e+00;0.322276;2.183074e-01;0.140314;0
15/33/15.jpg;6.572032;3.548117e+00;2.907658;3.988196e+00;4.972969;1.921679e+00;0.362017;2.761484e-01;0.181403;0
15/34/15.jpg;3.963227;4.464795e+00;1.277031;2.664958e+00;3.019868;1.374934e+00;0.063462;3.836731e-02;0.043399;0
15/35/15.jpg;8.154990;1.286515e+00;2.374962;3.670256e+00;4.103307;1.619318e+00;0.415494;3.337542e-01;0.231120;0
15/36/15.jpg;6.139246;4.835372e-01;1.029645;3.867640e+00;5.932574;2.082515e+00;0.510639;3.660853e-01;0.221251;0
15/37/15.jpg;8.322167;1.754444e+00;5.302768;2.979714e+00;3.717458;1.428645e+00;0.414237;3.659132e-01;0.275558;0
15/38/15.jpg;5.015086;7.839267e+00;1.982241;4.259930e+00;3.763614;2.225267e+00;0.125855;1.245353e-01;0.103773;0
15/39/15.jpg;8.112830;-8.329102e-01;-1.187402;1.453981e+00;1.197117;5.254635e-01;0.246104;2.119143e-01;0.157384;0
15/40/15.jpg;4.609031;1.948647e+00;1.664616;4.655739e+00;6.474328;2.353098e+00;0.319907;2.373611e-01;0.152442;0
16/41/16.jpg;2.843971;1.711387e+00;-0.125999;1.933348e+00;2.247569;9.571156e-01;0.508395;3.810305e-01;0.243559;0
16/42/16.jpg;6.115539;2.188887e+00;0.408784;3.080988e+00;3.189880;1.570591e+00;0.095865;4.350999e-02;0.041279;0
16/43/16.jpg;4.118038;4.611197e+00;0.143053;2.165340e+00;2.298375;1.063726e+00;0.125432;7.579222e-02;0.062874;0
16/44/16.jpg;7.793073;1.260173e+00;0.635394;3.448768e+00;3.424335;2.039784e+00;0.071040;3.495724e-02;0.040021;0
17/45/17.jpg;2.286074;4.381462e-01;-0.290775;1.832877e+00;1.451860;7.376023e-01;0.653207;7.408612e-01;0.630702;0
17/46/17.jpg;6.436765;9.604857e-01;2.313428;5.734824e+00;4.756855;3.111588e+00;0.079890;7.684927e-02;0.069094;0
17/47/17.jpg;5.004466;1.206575e+00;0.105446;4.296575e+00;3.392879;1.827832e+00;0.265573;1.771825e-01;0.111837;0
17/48/17.jpg;8.751783;2.577735e-01;-0.096918;4.166222e+00;3.301560;1.822184e+00;0.207253;1.554627e-01;0.125628;0
17/49/17.jpg;3.578991;1.769062e+00;-0.195041;3.272232e+00;2.471763;1.287592e+00;0.271518;1.919501e-01;0.139372;0
17/50/17.jpg;6.398452;3.320367e+00;2.327582;4.413587e+00;3.504158;2.214370e+00;0.029685;2.537798e-02;0.039780;0
18/51/18.jpg;2.652468;3.853392e-01;0.102375;7.663729e-01;0.955283;4.768409e-01;0.360089;1.855231e-01;0.094318;0
18/52/18.jpg;7.149553;1.581232e+00;1.597894;4.414310e+00;4.202985;2.619832e+00;0.167221;1.220241e-01;0.090721;0
18/53/18.jpg;5.067649;4.189656e+00;2.110585;4.943618e+00;5.116160;3.133771e+00;0.097703;9.541015e-02;0.087021;0
18/54/18.jpg;5.490569;1.251936e+01;-0.042244;7.475005e-01;1.200274;4.134288e-01;-0.014647;9.534235e-05;0.029091;0
18/55/18.jpg;3.698359;2.094772e+00;0.747116;3.182063e+00;3.568270;2.108906e+00;0.195092;1.135815e-01;0.073610;0
18/56/18.jpg;8.175092;9.715459e-02;-0.480783;3.351665e+00;3.240153;2.313090e+00;0.509107;3.913212e-01;0.253508;0
19/57/19.jpg;4.601243;6.088675e-01;1.007299;6.491596e+00;7.623195;4.097792e+00;0.092133;8.151878e-02;0.085811;0
19/58/19.jpg;7.398373;2.451776e+00;2.204444;4.772913e+00;3.997988;2.511432e+00;0.091824;6.424388e-02;0.058083;0
19/59/19.jpg;6.505569;7.052152e-01;0.762213;4.950770e+00;5.882001;3.298324e+00;0.017890;1.308737e-02;0.032923;0
19/60/19.jpg;8.592185;4.469615e-01;0.299522;5.040338e+00;5.649112;3.188613e+00;0.188639;1.728003e-01;0.159991;0
20/61/20.jpg;3.219440;9.999077e-01;0.037758;1.995775e+00;2.297557;8.566367e-01;0.445174;2.736896e-01;0.150334;0
20/62/20.jpg;7.417047;1.000026e+00;0.313965;2.663903e+00;2.113797;9.478666e-01;0.047795;2.174690e-02;0.034710;0
20/63/20.jpg;5.198899;2.585825e+00;0.761735;3.438097e+00;3.195993;1.307805e+00;0.134754;7.939953e-02;0.061240;0
111/64/111.jpg;3.096902;2.968750e-01;-0.582122;6.902436e+00;9.136943;5.354559e+00;0.186745;1.291892e-01;0.091039;0
111/65/111.jpg;5.709996;-1.940622e+00;-4.586869;2.155987e+00;2.874905;1.704083e+00;0.294669;1.723501e-01;0.104313;0
111/66/111.jpg;6.191988;7.595146e-01;2.886436;5.339481e+00;4.908550;3.466440e+00;0.468310;3.028304e-01;0.166899;0
111/67/111.jpg;7.200215;-2.311490e+00;-2.321146;2.265244e+00;1.864555;1.194128e+00;0.184730;1.430907e-01;0.113162;0
111/68/111.jpg;4.663533;-1.371850e+00;1.830450;7.004632e+00;6.983248;4.896990e+00;0.261676;1.503575e-01;0.091565;0
111/69/111.jpg;4.858801;-3.082875e+00;-7.428027;8.799573e-01;0.789467;5.875730e-01;0.100731;6.848061e-02;0.061554;0
111/70/111.jpg;8.096373;2.385902e-01;0.063655;3.533962e+00;2.583593;1.557323e+00;0.140711;1.300311e-01;0.099880;0
111/71/111.jpg;6.494500;-4.447800e+00;-4.855679;1.078012e+00;0.991193;5.928313e-01;0.079888;5.985795e-02;0.057013;0
112/72/112.jpg;5.220566;1.650023e+00;0.469287;3.568607e+00;3.534052;2.313731e+00;-0.022842;-1.044262e-02;0.024146;0
112/73/112.jpg;7.523098;-2.511753e+00;-3.097694;1.535098e+00;0.822219;5.795395e-01;-0.022851;-1.769902e-03;0.031089;0
112/74/112.jpg;8.099583;3.893589e-01;0.573160;2.737932e+00;3.385301;1.875263e+00;0.124928;8.653780e-02;0.070707;0
112/75/112.jpg;5.739388;-3.831227e+00;-7.262255;3.735043e-01;0.167721;1.607897e-01;0.013799;2.619154e-02;0.044842;0
113/76/113.jpg;7.180116;-9.148952e-01;-1.533896;3.885069e+00;1.886271;1.535489e+00;-0.034964;-1.306056e-02;0.023916;0
113/77/113.jpg;4.264223;3.312625e-01;-0.218400;1.573128e+01;14.563078;1.211541e+01;0.131207;1.506356e-01;0.119301;0
114/78/114.jpg;2.527330;3.428482e-01;0.122438;1.104880e+01;10.774927;8.343465e+00;0.423742;4.257511e-01;0.332174;0
114/79/114.jpg;4.759079;-1.167002e+00;0.906879;9.819551e+00;9.551651;7.325990e+00;0.168200;1.310230e-01;0.095176;0
114/80/114.jpg;4.918521;-1.950229e+00;-5.029636;3.113555e+00;3.191190;2.326051e+00;0.099973;1.161171e-01;0.096838;0
114/81/114.jpg;8.697565;-4.596199e-01;-0.410026;3.346704e+00;2.202840;1.617530e+00;0.329604;1.887251e-01;0.109498;0
114/82/114.jpg;4.777909;1.860064e+00;0.656292;8.640990e+00;9.152690;6.364716e+00;0.221532;1.833179e-01;0.140985;0
114/83/114.jpg;6.360887;5.711562e-02;1.236145;8.296503e+00;7.583548;5.850408e+00;0.143272;7.556026e-02;0.058472;0
115/84/115.jpg;6.827257;-3.037098e+00;-1.303042;1.071741e+00;0.843471;6.175648e-01;0.349445;3.142011e-01;0.237743;0
115/85/115.jpg;4.144579;-2.614922e+00;1.702929;6.075714e+00;5.682151;3.965513e+00;0.183725;1.499819e-01;0.108371;0
115/86/115.jpg;8.480419;3.055888e-01;0.398486;2.585256e+00;2.050471;1.215479e+00;0.045349;5.604919e-02;0.057670;0
115/87/115.jpg;5.910554;-1.673598e+00;0.587382;7.208128e+00;6.576892;4.495394e+00;0.105446;8.955456e-02;0.075330;0
115/88/115.jpg;7.973801;-1.204902e+00;-0.306086;1.220405e+00;0.917388;6.484861e-01;0.176498;1.507198e-01;0.108369;0
116/89/116.jpg;3.222643;8.493897e-01;-1.165046;9.741668e+00;8.034293;4.654120e+00;1.113317;1.472030e+00;1.876231;0
116/90/116.jpg;5.863952;2.444930e+00;1.405627;9.945318e+00;7.264726;4.623150e+00;0.175942;1.032033e-01;0.075855;0
116/91/116.jpg;5.160903;-6.265762e-01;-3.600489;2.936981e+00;1.377133;1.179357e+00;0.046354;2.594767e-02;0.038930;0
116/92/116.jpg;7.568899;1.207121e+00;0.696884;6.301343e+00;5.342369;3.119896e+00;0.080163;3.746304e-02;0.039919;0
116/93/116.jpg;5.685001;7.597795e-01;-0.488837;6.042139e+00;5.013737;3.020382e+00;0.328640;2.715961e-01;0.197953;0
116/94/116.jpg;5.795223;5.579824e+00;2.034054;6.417452e+00;4.255809;2.918794e+00;0.109447;7.009104e-02;0.059555;0
117/95/117.jpg;4.936121;8.249152e-01;0.455641;1.633459e+01;10.999341;8.135008e+00;0.304132;2.680745e-01;0.202807;0
117/96/117.jpg;8.355097;-1.039659e+00;-0.938435;1.917125e+00;1.070325;8.014292e-01;-0.012552;4.164801e-03;0.031104;0
117/97/117.jpg;7.991980;2.869203e-01;0.362469;6.399110e+00;4.510812;3.379432e+00;0.064310;4.903634e-02;0.050016;0
118/98/118.jpg;5.987033;-4.444629e-01;-1.314140;3.487551e+00;2.008303;1.589741e+00;0.022817;1.727348e-02;0.035843;0
118/99/118.jpg;8.309040;-1.392022e-01;-1.196548;1.893522e+00;1.078035;7.784953e-01;0.090933;6.715091e-02;0.057106;0
118/100/118.jpg;6.794083;8.698886e-01;0.519459;1.021177e+01;6.871144;4.444272e+00;0.050492;3.297924e-02;0.043366;0
119/101/119.jpg;4.179602;-1.837957e+00;-0.552688;8.009182e+00;6.280694;4.269761e+00;0.016172;2.413720e-02;0.040638;0
119/102/119.jpg;8.480786;4.209559e-01;1.164350;3.733732e+00;3.239858;2.129822e+00;-0.000910;1.570729e-02;0.036512;0
119/103/119.jpg;7.105194;-2.219157e+00;-2.826632;1.136195e+00;0.818003;7.158900e-01;0.113686;8.707774e-02;0.074603;0
120/104/120.jpg;7.923591;2.341832e-01;0.270852;2.635477e+00;1.745270;1.266431e+00;0.003853;-5.264457e-04;0.026800;0
120/105/120.jpg;5.856721;-9.569935e-01;-1.097753;3.663702e+00;2.236725;1.558596e+00;0.193295;1.300866e-01;0.086530;0
121/106/121.jpg;7.665131;4.445796e-01;0.166667;6.520916e+00;5.532037;3.187847e+00;0.070593;6.356571e-02;0.057776;0
121/107/121.jpg;5.204219;1.915183e-01;-1.932586;2.639944e+00;1.401789;1.020695e+00;-0.016948;-3.363935e-03;0.027367;0
211/108/211.jpg;2.677798;1.577340e-01;0.276441;7.393935e+00;7.402224;4.837366e+00;0.197275;1.318526e-01;0.090618;0
211/109/211.jpg;6.103784;5.257706e-01;0.583087;1.331161e+01;10.124244;6.420898e+00;0.161429;9.718946e-02;0.070145;0
211/110/211.jpg;4.920574;-2.107607e+00;-5.227414;1.856341e+00;1.265835;8.888363e-01;0.388669;2.989391e-01;0.199843;0
211/111/211.jpg;8.581788;3.772161e-01;0.189341;6.502512e+00;5.646015;3.619204e+00;0.108396;5.377940e-02;0.047386;0
212/112/212.jpg;2.366602;1.257314e-01;-0.030838;4.926803e+00;4.559725;2.700511e+00;0.024967;4.899422e-02;0.072642;0
212/113/212.jpg;7.267903;8.469885e-01;2.262241;8.484489e+00;7.586841;5.536445e+00;0.143428;8.698598e-02;0.064312;0
212/114/212.jpg;5.180759;3.072281e-01;1.616487;1.022637e+01;10.744208;6.959258e+00;0.076120;4.147903e-02;0.043314;0
212/115/212.jpg;8.096215;2.282580e-01;0.368827;3.996726e+00;4.787529;2.488595e+00;0.258192;1.414410e-01;0.089225;0
213/116/213.jpg;4.207218;-6.730218e-03;0.155325;1.031603e+01;10.858989;5.613572e+00;0.249349;1.958840e-01;0.155886;0
213/117/213.jpg;4.869938;-2.358108e+00;-4.409903;5.044448e-01;0.526313;3.264709e-01;-0.018752;-1.153644e-02;0.023150;0
213/118/213.jpg;7.817220;2.527941e-01;0.412270;5.818569e+00;7.823893;3.079062e+00;0.083224;6.597347e-02;0.065537;0
214/119/214.jpg;3.731285;-9.695281e-02;-0.016667;6.103780e+00;9.450911;3.760695e+00;0.153081;9.276178e-02;0.065953;0
214/120/214.jpg;6.282454;-2.022632e+00;-4.623489;6.801391e-01;1.097381;4.486316e-01;0.045784;2.688882e-02;0.037978;0
214/121/214.jpg;7.703954;2.330054e-01;0.151143;5.162577e+00;11.219805;3.652622e+00;0.170283;9.893342e-02;0.068550;0
215/122/215.jpg;3.102554;-1.016584e-01;0.663007;7.686725e+00;7.764263;5.175036e+00;0.025648;2.254780e-02;0.038637;0
215/123/215.jpg;6.326855;-2.234526e+00;-4.733823;3.208241e-01;0.247632;1.991822e-01;-0.015840;2.030042e-04;0.029073;0
215/124/215.jpg;7.512321;6.104655e-01;1.076098;6.943059e+00;7.780923;3.623461e+00;0.040732;2.167632e-02;0.034912;0
215/125/215.jpg;7.670124;-1.613698e+00;-3.343858;9.557828e-01;0.788125;6.059001e-01;-0.026059;-6.995748e-03;0.026891;0
216/126/216.jpg;3.603090;2.066734e-01;0.516447;1.045937e+01;7.239452;4.827522e+00;0.104016;6.850357e-02;0.055974;0
216/127/216.jpg;8.221042;3.572654e-01;0.308482;8.804535e+00;5.283020;3.511344e+00;0.048955;2.349958e-02;0.035731;0
216/128/216.jpg;4.557252;-2.009794e+00;-5.373714;1.571602e+00;0.426489;4.785247e-01;0.192035;2.184299e-01;0.167872;0
217/129/217.jpg;3.157218;3.776099e-01;0.580017;7.540562e+00;7.017718;4.470559e+00;0.148181;6.908742e-02;0.049380;0
217/130/217.jpg;8.952291;-5.970781e-01;-0.761057;2.082738e+00;1.355621;1.089799e+00;0.127457;1.206408e-01;0.118580;0
217/131/217.jpg;7.275542;9.489676e-01;1.573079;7.261882e+00;6.487664;4.339422e+00;0.020934;7.619006e-03;0.029262;0
218/132/218.jpg;2.718416;1.483691e-01;-0.465762;5.865733e+00;5.450168;2.922649e+00;0.036530;6.142534e-02;0.099491;0
218/133/218.jpg;5.831070;9.579075e-01;1.325649;1.489361e+01;8.532623;5.266077e+00;0.288951;2.052106e-01;0.137122;0
218/134/218.jpg;7.802056;-6.133798e-01;-2.229334;1.530753e+00;1.460819;9.562808e-01;0.065406;7.109593e-02;0.064735;0
218/135/218.jpg;8.346156;1.460050e+00;6.022610;4.119296e+00;3.864201;2.005723e+00;0.049437;5.544637e-02;0.056383;0
218/136/218.jpg;4.044001;1.338635e+00;1.127773;1.761403e+01;7.736619;5.129736e+00;0.281575;2.473024e-01;0.176817;0
218/137/218.jpg;7.581718;5.519218e-01;0.598670;9.562100e+00;7.833992;4.696074e+00;0.189687;1.489819e-01;0.113902;0
219/138/219.jpg;3.699378;1.366361e-01;0.597922;7.508894e+00;7.037473;3.544206e+00;0.097556;6.438819e-02;0.062802;0
219/139/219.jpg;8.033778;-9.717215e-01;-2.732911;7.117477e-01;0.446180;3.527199e-01;0.007866;2.224650e-02;0.042076;0
219/140/219.jpg;7.488852;8.931262e-01;1.157024;7.274471e+00;7.103410;3.369033e+00;-0.015698;-3.494709e-05;0.029618;0
220/141/220.jpg;5.234287;4.918800e-01;0.226142;1.049562e+01;11.835516;6.938297e+00;0.559734;5.492604e-01;0.469463;0
220/142/220.jpg;5.893045;-1.755734e+00;-5.230071;4.416292e-01;0.615501;2.891694e-01;0.012943;1.725713e-03;0.027666;0
220/143/220.jpg;8.348383;2.370621e-01;-0.425406;4.098935e+00;4.725175;2.736137e+00;0.120133;6.887794e-02;0.058855;0
221/144/221.jpg;7.959332;1.597813e-01;0.564302;7.823063e+00;7.721041;5.138330e+00;-0.045273;-2.006440e-02;0.021341;0
221/145/221.jpg;4.206823;-2.019425e-01;0.010352;1.205378e+01;12.765815;7.991978e+00;0.031482;2.366598e-02;0.037446;0
311/146/311.jpg;2.169912;-1.734838e-01;-0.129818;8.594400e+00;6.407969;3.770914e+00;0.702997;7.277999e-01;0.660828;0
311/147/311.jpg;4.477755;3.584587e+00;1.758706;1.051555e+01;11.438701;3.740520e+00;0.376208;3.397114e-01;0.252501;0
311/148/311.jpg;5.270523;-1.300905e+00;-1.404758;8.223299e+00;7.489624;3.666420e+00;0.236105;1.702671e-01;0.116754;0
311/149/311.jpg;6.570406;5.453530e+00;3.722135;6.367920e+00;5.435165;2.338815e+00;0.407461;2.731286e-01;0.162527;0
311/150/311.jpg;5.685714;5.102937e-01;1.367378;5.951676e+00;3.960057;1.848024e+00;0.376923;3.422853e-01;0.267444;0
311/151/311.jpg;8.460780;2.507647e-01;0.494926;9.477535e+00;5.197702;3.365280e+00;0.191154;1.564960e-01;0.110761;0
311/152/311.jpg;7.960385;-1.721394e+00;-2.219271;1.042297e+00;0.639066;4.713512e-01;0.171406;1.395059e-01;0.099569;0
311/153/311.jpg;6.559210;8.145885e+00;4.326794;3.036523e+00;1.829767;1.085766e+00;0.206358;1.691702e-01;0.116713;0
311/154/311.jpg;3.652806;1.035076e-01;1.111671;1.057990e+01;10.462566;4.564695e+00;0.465443;4.890809e-01;0.466883;0
312/155/312.jpg;3.004303;1.330045e+00;-1.685682;9.497935e+00;6.786541;3.886360e+00;0.349188;3.621529e-01;0.308697;0
312/156/312.jpg;6.775938;2.517432e-01;-1.050181;7.163765e+00;5.285456;2.933237e+00;0.474498;3.142203e-01;0.178812;0
312/157/312.jpg;4.904661;1.299684e+00;0.612553;1.418598e+01;14.435622;1.008992e+01;0.254967;2.275225e-01;0.222366;0
312/158/312.jpg;4.714660;-1.804259e+00;-5.082736;1.414669e+01;5.589371;3.727945e+00;0.069600;5.479744e-02;0.057910;0
312/159/312.jpg;2.616634;3.087615e+00;0.458127;9.037149e+00;6.747893;4.920210e+00;0.333147;2.363236e-01;0.152199;0
312/160/312.jpg;8.636102;-3.741062e-01;-1.240443;2.567547e+00;1.744186;1.209805e+00;0.086893;4.588899e-02;0.044889;0
312/161/312.jpg;7.053404;2.198627e+00;1.329162;6.621919e+00;3.081441;2.109975e+00;0.998622;1.161290e+00;1.131561;0
312/162/312.jpg;6.927752;-4.624377e+00;-5.266190;3.336625e+00;2.321370;1.302972e+00;0.119025;5.318312e-02;0.047482;0
312/163/312.jpg;4.955023;4.329014e-01;-1.458395;1.132019e+01;11.384182;5.491009e+00;0.291884;1.980648e-01;0.133269;0
313/164/313.jpg;2.010493;1.365731e-01;-0.249881;7.959502e+00;8.253976;3.462485e+00;0.204415;1.796530e-01;0.156943;0
313/165/313.jpg;5.102212;3.550117e+00;0.147939;9.724950e+00;9.664325;4.214320e+00;0.537680;4.712483e-01;0.354596;0
313/166/313.jpg;7.049094;-9.563036e-02;-1.084304;5.182135e+00;2.287178;1.696304e+00;0.294366;2.119936e-01;0.135954;0
313/167/313.jpg;5.218559;1.093286e+01;1.500085;6.407826e+00;4.451324;2.497723e+00;0.731660;6.061150e-01;0.405904;0
313/168/313.jpg;5.031049;2.530692e-01;-0.389297;1.139430e+01;13.085637;5.112402e+00;0.431464;3.884971e-01;0.294704;0
313/169/313.jpg;5.247061;6.979967e+00;0.758837;9.650738e+00;6.433918;3.352160e+00;0.542462;3.992372e-01;0.247473;0
313/170/313.jpg;8.764745;-2.109438e+00;-1.533034;6.932046e-01;0.356417;3.180168e-01;0.068256;6.543420e-02;0.066405;0
313/171/313.jpg;5.192421;1.395935e+01;2.374376;2.181720e+00;1.661435;9.717790e-01;0.111405;6.168894e-02;0.052949;0
313/172/313.jpg;4.988455;-2.135271e+00;-3.577011;6.766121e+00;3.253382;2.364035e+00;0.945133;1.129394e+00;1.043578;0
313/173/313.jpg;8.657346;4.738080e-01;0.156916;6.357832e+00;7.805206;3.067154e+00;0.520506;5.051408e-01;0.389726;0
314/174/314.jpg;2.694788;2.948373e+00;0.237230;6.198016e+00;5.611748;3.059690e+00;0.324194;2.887497e-01;0.215090;0
314/175/314.jpg;4.417850;3.245249e-01;-1.695232;7.336369e+00;6.446786;2.578015e+00;0.280165;1.866260e-01;0.118599;0
314/176/314.jpg;4.227390;-1.742619e+00;-4.426271;5.906671e+00;4.251851;2.158279e+00;0.374739;3.406742e-01;0.260142;0
314/177/314.jpg;8.612483;5.008984e-02;-0.995089;3.110930e+00;1.716016;8.023235e-01;0.165390;1.166092e-01;0.084516;0
314/178/314.jpg;4.904486;1.562909e+00;0.646810;5.084703e+00;4.670357;2.255563e+00;0.183768;1.274847e-01;0.089614;0
314/179/314.jpg;6.953142;9.542046e-01;0.102714;8.278286e+00;9.772624;3.144813e+00;0.268006;2.315363e-01;0.166142;0
315/180/315.jpg;1.705929;-3.331630e-02;-0.816800;9.100296e+00;6.449939;3.747375e+00;0.253927;1.492004e-01;0.092591;0
315/181/315.jpg;4.957093;4.083778e+00;0.846699;1.585439e+01;5.863780;3.402015e+00;0.567528;7.028077e-01;0.844422;0
315/182/315.jpg;6.753352;-1.938878e-01;-1.109170;6.325429e+00;5.252086;3.027156e+00;0.321186;1.909386e-01;0.110664;0
315/183/315.jpg;4.649350;1.278860e+01;2.572616;2.824964e+00;1.240612;8.099062e-01;0.204702;1.876817e-01;0.147861;0
315/184/315.jpg;4.450981;-3.212376e-01;-0.945557;9.677176e+00;10.015778;5.678920e+00;0.143101;9.227506e-02;0.067693;0
315/185/315.jpg;3.935616;8.776826e+00;1.731279;6.455607e+00;2.245622;1.597203e+00;0.528563;8.287948e-01;0.975117;0
315/186/315.jpg;8.801801;3.134563e-01;0.080183;7.537472e+00;4.668260;2.536127e+00;0.186731;1.329519e-01;0.094456;0
316/187/316.jpg;1.304404;2.456075e-01;-0.404264;6.961272e+00;5.828469;3.541831e+00;0.380636;2.784741e-01;0.181519;0
316/188/316.jpg;5.440823;4.380992e+00;0.335641;8.333591e+00;7.551041;3.334833e+00;0.914081;1.109047e+00;1.115413;0
316/189/316.jpg;7.899703;2.267681e-01;-0.069013;5.976737e+00;5.461367;2.450136e+00;0.248174;1.882876e-01;0.142814;0
316/190/316.jpg;5.062898;1.080691e+01;1.682361;6.755490e+00;3.918339;2.230613e+00;0.849701;9.642287e-01;0.914627;0
316/191/316.jpg;5.008318;-1.747885e+00;-2.325188;6.394343e+00;8.642397;3.475546e+00;0.063214;6.541400e-02;0.066820;0
316/192/316.jpg;4.710615;7.642493e+00;1.209902;6.881154e+00;6.427848;3.065709e+00;0.691037;6.885199e-01;0.562173;0
316/193/316.jpg;8.971612;-6.676265e-01;-0.641485;8.843662e-01;0.822347;4.215938e-01;0.130908;1.269671e-01;0.097091;0
316/194/316.jpg;5.061520;1.335132e+01;2.138172;2.698627e+00;1.496250;9.895824e-01;0.237761;1.483373e-01;0.094836;0
316/195/316.jpg;3.385873;-8.227996e-02;-0.931894;1.106033e+01;11.464831;5.071678e+00;0.370152;2.942852e-01;0.207400;0
317/196/317.jpg;1.770314;-3.679523e-02;-0.234286;5.612957e+00;5.430007;3.142891e+00;0.446112;3.608122e-01;0.249871;0
317/197/317.jpg;5.835489;3.391119e+00;0.163036;1.441125e+01;8.473427;5.316620e+00;0.740248;7.185043e-01;0.571442;0
317/198/317.jpg;5.268194;3.056109e-02;1.285458;1.598532e+01;11.248972;9.224635e+00;0.284533;2.390237e-01;0.191652;0
317/199/317.jpg;5.200613;1.016079e+01;0.964087;7.635761e+00;5.893178;3.130346e+00;0.515974;4.073026e-01;0.263462;0
317/200/317.jpg;4.665320;-2.432600e-01;-0.970793;1.187671e+01;9.110785;5.195835e+00;0.523429;4.112582e-01;0.266967;0
317/201/317.jpg;4.417496;6.013475e+00;0.539789;9.016553e+00;7.600777;4.172601e+00;0.643690;7.587973e-01;0.734388;0
317/202/317.jpg;7.037958;-4.117467e-03;-0.682334;7.221583e+00;5.946431;3.265089e+00;0.341424;2.255911e-01;0.133152;0
317/203/317.jpg;5.061826;1.296773e+01;1.412260;2.537752e+00;1.601696;1.195072e+00;0.117008;5.441266e-02;0.046180;0
317/204/317.jpg;2.846563;4.582974e-02;0.269817;1.445197e+01;12.680784;8.636324e+00;0.738107;6.547829e-01;0.462323;0
318/205/318.jpg;1.683338;6.669186e-01;-0.426678;1.015518e+01;9.146734;4.713167e+00;0.389595;3.100683e-01;0.217984;0
318/206/318.jpg;6.436217;1.927276e+00;3.250952;9.724287e+00;9.809664;3.707875e+00;0.638882;5.455911e-01;0.388813;0
318/207/318.jpg;5.765585;-9.712924e-01;-2.476999;5.024593e+00;3.311858;1.826880e+00;0.650201;6.455939e-01;0.579183;0
318/208/318.jpg;4.728189;4.489547e+00;0.730660;8.771274e+00;9.737897;3.916033e+00;0.463136;3.202586e-01;0.188635;0
318/209/318.jpg;5.028961;6.865204e-01;-0.287149;1.113541e+01;14.141671;5.064102e+00;0.633752;5.800480e-01;0.441283;0
318/210/318.jpg;8.917701;1.376003e+00;6.901728;6.369727e+00;3.870995;2.046707e+00;0.164393;9.513929e-02;0.066204;0
318/211/318.jpg;6.903767;3.423349e-01;-0.535598;4.840010e+00;4.344615;1.872837e+00;0.262777;1.299709e-01;0.073860;0
318/212/318.jpg;3.894524;8.925935e+00;1.525380;4.776745e+00;3.700280;2.041723e+00;0.164527;9.920723e-02;0.075516;0
318/213/318.jpg;3.168152;-1.237549e-01;-1.795398;1.269312e+01;9.890901;5.419126e+00;0.324720;2.662176e-01;0.190187;0
318/214/318.jpg;7.271584;4.257313e+00;6.077657;3.717959e+00;4.511008;1.769168e+00;0.105111;6.140551e-02;0.054039;0
318/215/318.jpg;8.756890;-9.402408e-01;-1.137013;5.606102e+00;3.391661;1.857857e+00;0.429784;6.527432e-01;1.283332;0
319/216/319.jpg;2.540827;2.565715e+00;0.299346;8.661738e+00;5.973757;3.618158e+00;0.315229;2.309562e-01;0.161024;0
319/217/319.jpg;6.359398;1.937070e+00;1.156772;8.922098e+00;6.664188;3.427031e+00;0.239385;1.967615e-01;0.134695;0
319/218/319.jpg;5.834401;-1.139825e+00;-0.466714;3.370266e+00;2.393704;1.254069e+00;0.030358;2.438422e-02;0.039033;0
319/219/319.jpg;8.135448;5.892868e-01;-0.001185;5.912891e+00;3.464152;1.793741e+00;0.234979;1.461191e-01;0.096001;0
319/220/319.jpg;4.085694;1.752302e-01;-0.354612;1.138838e+01;9.384020;4.667008e+00;0.271495;2.379408e-01;0.175421;0
320/221/320.jpg;1.542741;1.009414e-01;-0.782065;7.272507e+00;6.717477;3.549485e+00;0.270951;2.213263e-01;0.160558;0
320/222/320.jpg;3.437298;4.465322e+00;0.352676;8.943628e+00;9.053233;3.992973e+00;0.365297;3.109942e-01;0.258485;0
320/223/320.jpg;7.155221;-2.376850e-02;-0.887905;8.321774e+00;5.842966;3.068175e+00;0.588282;4.479942e-01;0.274605;0
320/224/320.jpg;4.971939;8.918026e+00;1.194965;7.163068e+00;7.041937;3.217367e+00;0.520970;4.986595e-01;0.418202;0
320/225/320.jpg;4.882283;2.514124e-02;-0.822793;1.183237e+01;9.257762;4.468462e+00;0.397750;2.879758e-01;0.186632;0
320/226/320.jpg;6.899718;4.762296e+00;0.398904;1.064733e+01;8.194993;4.370054e+00;0.498819;4.677352e-01;0.374588;0
320/227/320.jpg;9.007183;1.500051e-01;-0.214641;4.027624e+00;3.257394;1.737583e+00;0.348068;2.364742e-01;0.143411;0
320/228/320.jpg;5.010413;1.319507e+01;2.029345;2.734770e+00;1.869968;1.189205e+00;0.145545;7.371407e-02;0.055239;0
321/229/321.jpg;2.893667;2.935801e+00;0.327456;8.197428e+00;6.825371;4.011881e+00;0.181017;1.188342e-01;0.086819;0
321/230/321.jpg;8.362990;2.508536e-01;-0.144811;8.425033e+00;6.307880;5.224236e+00;0.402094;3.012971e-01;0.188881;0
321/231/321.jpg;4.451025;2.728995e-01;-1.501201;7.900183e+00;7.663626;4.362064e+00;0.394901;3.043528e-01;0.207359;0
321/232/321.jpg;6.989204;-2.742996e+00;-2.818097;1.374397e+00;1.001204;8.033856e-01;0.209975;1.823225e-01;0.133574;0
321/233/321.jpg;4.466044;5.786598e+00;1.969652;8.664824e+00;6.332143;3.559710e+00;1.987139;4.484895e+00;8.448219;0
321/234/321.jpg;7.897033;4.620581e-01;0.029785;1.435037e+01;19.257334;9.435682e+00;0.118521;6.768430e-02;0.054898;0
321/235/321.jpg;5.446371;1.139697e+00;0.145087;1.169840e+01;15.516268;6.926461e+00;0.294975;2.241294e-01;0.155834;0
400/236/400.jpg;9.433789;1.277438e-01;0.154895;6.914704e-01;0.516507;4.127817e-01;-0.004341;-4.702397e-03;0.025469;1
400/237/400.jpg;5.998557;1.290669e+00;1.560113;1.018793e+01;10.334182;6.742823e+00;0.073474;6.076507e-02;0.060302;1
401/238/401.jpg;9.357999;1.938949e-01;0.264698;8.810721e-01;0.722372;5.218109e-01;0.003173;-2.787624e-03;0.025880;1
401/239/401.jpg;5.918676;2.390182e+00;2.422706;8.644162e+00;9.220337;5.746787e+00;0.041493;4.451986e-02;0.052550;1
402/240/402.jpg;9.411703;1.548470e-01;0.085097;5.086835e-01;0.564315;3.089658e-01;0.030455;1.597829e-02;0.032985;1
402/241/402.jpg;7.913226;2.834075e+00;2.590322;2.815926e+00;2.775473;1.591107e+00;0.009198;1.626221e-02;0.036919;1
403/242/403.jpg;9.381019;-3.964240e-03;-0.096518;7.504739e-01;0.551392;4.029173e-01;-0.010619;-7.630978e-03;0.024640;1
403/243/403.jpg;5.906600;-9.123867e-01;-1.897930;9.379585e+00;8.023064;4.764629e+00;0.056210;5.986913e-02;0.066563;1
404/244/404.jpg;9.441544;8.097192e-02;0.308953;6.595583e-01;0.504740;3.973395e-01;0.014850;1.866498e-03;0.027202;1
404/245/404.jpg;5.830905;-2.060890e-01;-0.960137;9.205420e+00;9.079653;6.119438e+00;0.049392;4.714046e-02;0.052735;1
405/246/405.jpg;9.441379;1.023988e-01;0.534263;6.127617e-01;0.517097;3.337887e-01;0.017528;2.520943e-03;0.027314;1
405/247/405.jpg;6.406731;2.262820e-01;0.444159;7.879611e+00;9.563873;4.603968e+00;0.041074;5.496322e-02;0.063526;1
406/248/406.jpg;9.424750;1.748239e-01;0.402390;5.692397e-01;0.436619;3.539634e-01;0.012894;1.255799e-03;0.026981;1
406/249/406.jpg;6.332811;1.492935e+00;3.511998;1.018147e+01;9.181669;6.653512e+00;0.039655;2.854890e-02;0.040017;1
407/250/407.jpg;9.389073;1.919458e-01;0.263809;5.632678e-01;0.780784;3.514015e-01;-0.014419;-8.834707e-03;0.024323;1
407/251/407.jpg;6.724233;3.286458e+00;2.353274;9.217967e+00;8.079164;5.678195e+00;0.114765;9.274489e-02;0.078339;1
408/252/408.jpg;9.252847;2.453261e-01;0.420015;1.003615e+00;0.938023;6.375924e-01;0.065841;2.277444e-02;0.033165;1
408/253/408.jpg;5.862620;5.008581e-01;1.386766;6.515343e+00;7.201721;4.801638e+00;-0.012895;3.831142e-03;0.031358;1
409/254/409.jpg;9.432068;9.494142e-02;0.057809;6.525704e-01;0.542381;4.159895e-01;0.000048;-1.490434e-03;0.026629;1
409/255/409.jpg;6.032164;-2.377425e-01;1.293338;1.160576e+01;9.748422;5.593796e+00;0.147549;1.117542e-01;0.083332;1
410/256/410.jpg;9.163792;1.047377e-01;0.238453;1.917928e+00;1.487115;7.017528e-01;-0.000454;-3.451824e-03;0.025742;1
410/257/410.jpg;3.816108;6.196559e+00;0.337835;6.842478e+00;7.612187;4.131839e+00;0.015212;3.527571e-02;0.052354;1
411/258/411.jpg;9.457388;2.678082e-02;-0.004348;5.686479e-01;0.471483;3.849680e-01;0.027976;1.830922e-02;0.034678;1
411/259/411.jpg;7.983587;9.085308e-01;1.817071;4.264883e+00;3.776612;2.702384e+00;0.018454;1.745318e-02;0.035941;1
412/260/412.jpg;9.363494;-1.645322e-03;0.109332;5.997277e-01;0.646368;4.007224e-01;0.014562;2.554892e-03;0.027454;1
412/261/412.jpg;6.167837;-5.299345e-01;0.976614;6.630283e+00;8.819705;4.987420e+00;0.025794;3.210874e-02;0.044628;1
413/262/413.jpg;9.412310;1.101655e-01;0.326243;1.245517e+00;0.616939;4.278860e-01;-0.020378;-1.077472e-02;0.023852;1
413/263/413.jpg;6.880737;4.376566e+00;3.596760;8.758766e+00;7.832778;5.108986e+00;0.218239;1.859283e-01;0.137508;1
414/264/414.jpg;9.391001;1.142956e-01;0.379394;7.570345e-01;0.830717;5.890620e-01;0.006825;-2.641687e-05;0.026823;1
414/265/414.jpg;5.428578;8.634003e-02;-0.448430;1.354729e+01;10.673919;7.728029e+00;0.107690;7.947104e-02;0.066449;1
415/266/415.jpg;9.400113;8.740412e-02;0.266936;5.758082e-01;0.480360;3.476362e-01;-0.000801;-2.946336e-03;0.025999;1
415/267/415.jpg;6.565070;5.096676e-01;1.131842;1.159356e+01;7.425500;4.789066e+00;0.110026;8.927516e-02;0.074032;1
416/268/416.jpg;9.450610;6.244289e-02;0.203466;5.840883e-01;0.504177;4.285627e-01;-0.006542;-5.718433e-03;0.025202;1
416/269/416.jpg;6.493182;-1.385483e-01;1.771551;1.649387e+01;10.596081;7.864432e+00;0.135955;1.238902e-01;0.096582;1
417/270/417.jpg;9.416296;1.039216e-01;0.153869;5.274789e-01;0.507170;3.267414e-01;0.010595;4.907008e-04;0.026810;1
417/271/417.jpg;6.683034;1.952738e-01;1.770497;1.143145e+01;7.825807;5.200791e+00;0.067792;5.098568e-02;0.051732;1
418/272/418.jpg;9.396558;1.086006e-01;0.158720;1.251418e+00;0.445734;3.373628e-01;0.011421;6.822688e-04;0.026860;1
418/273/418.jpg;6.583845;2.128086e+00;2.361718;5.841640e+00;6.366667;3.939668e+00;0.062467;5.697902e-02;0.058358;1
419/274/419.jpg;9.423077;2.076807e-02;0.155091;6.440238e-01;0.621785;4.389383e-01;0.007094;6.265176e-05;0.026839;1
419/275/419.jpg;6.288741;-1.859668e-01;2.268358;1.113179e+01;8.835836;5.567358e+00;0.099147;7.489406e-02;0.063980;1
420/276/420.jpg;9.475206;4.853368e-02;0.027449;4.444054e-01;0.341943;2.886451e-01;-0.004138;-5.272440e-03;0.025241;1
420/277/420.jpg;7.038771;2.717618e-02;3.393053;6.736095e+00;6.289109;4.711979e+00;0.068014;6.251191e-02;0.062611;1
421/278/421.jpg;9.364922;1.911196e-01;0.280938;1.185465e+00;0.425334;3.268768e-01;-0.006878;-5.918189e-03;0.025096;1
421/279/421.jpg;6.758683;2.700181e+00;3.225778;8.235278e+00;7.937821;5.348953e+00;0.066653;6.462845e-02;0.063680;1
422/280/422.jpg;9.395120;2.757085e-02;0.241542;7.059752e-01;0.686891;5.195611e-01;0.068558;2.366437e-02;0.033513;1
422/281/422.jpg;6.173421;9.772959e-01;0.734537;8.320116e+00;6.536670;4.547833e+00;0.002220;1.417829e-02;0.035739;1
423/282/423.jpg;9.447794;1.007190e-01;0.285332;3.714786e-01;0.320362;2.452447e-01;-0.014610;-8.561369e-03;0.024441;1
423/283/423.jpg;7.186172;-6.896314e-01;2.530447;1.294935e+01;6.729262;4.677027e+00;0.157734;1.292877e-01;0.101848;1
424/284/424.jpg;9.405315;4.143900e-02;0.040683;7.623661e-01;0.564242;4.652945e-01;0.020286;8.234139e-03;0.029818;1
424/285/424.jpg;7.079374;1.391512e+00;1.992721;6.153108e+00;6.451438;4.333019e+00;0.066555;4.420064e-02;0.047731;1
425/286/425.jpg;9.264910;-2.185063e-03;0.122191;8.715453e-01;0.558736;4.747041e-01;-0.005992;-5.731516e-03;0.025191;1
425/287/425.jpg;6.542596;4.463308e-01;-0.558196;1.173661e+01;5.300935;4.068959e+00;0.138143;1.204709e-01;0.095957;1
426/288/426.jpg;9.426696;9.409952e-02;0.252519;7.691342e-01;0.656691;5.361032e-01;0.064108;2.227780e-02;0.033055;1
426/289/426.jpg;5.878304;2.266587e+00;1.118371;8.128336e+00;8.598042;5.869720e+00;-0.011249;1.736870e-03;0.030007;1
427/290/427.jpg;9.470773;3.859310e-02;-0.000621;5.721746e-01;0.491279;3.733205e-01;0.002929;-2.407446e-03;0.025992;1
427/291/427.jpg;6.612836;2.045480e+00;2.570376;9.359663e+00;9.112704;5.774884e+00;0.039408;4.639838e-02;0.054489;1
428/292/428.jpg;9.366788;1.616497e-01;0.051206;8.434614e-01;0.695396;5.848532e-01;0.026322;6.826933e-03;0.028606;1
428/293/428.jpg;5.965112;1.117263e+00;0.383275;7.933311e+00;9.100902;6.598399e+00;0.044799;3.337784e-02;0.042205;1
429/294/429.jpg;9.477534;3.298959e-02;0.044121;3.482643e-01;0.339831;2.396907e-01;0.002889;-1.330924e-03;0.026447;1
429/295/429.jpg;6.744999;1.829171e-01;2.633839;5.560928e+00;6.103306;4.026469e+00;0.068534;5.526556e-02;0.056850;1
430/296/430.jpg;9.386385;1.571758e-01;0.061710;6.641857e-01;0.583814;4.447011e-01;0.005307;-1.609008e-03;0.026245;1
430/297/430.jpg;6.872173;2.378878e+00;2.684348;7.262756e+00;8.116949;5.337422e+00;0.060433;5.693895e-02;0.058568;1
431/298/431.jpg;9.487865;1.116021e-02;-0.012629;4.184113e-01;0.285505;2.736735e-01;0.004666;2.353717e-03;0.028391;1
431/299/431.jpg;8.352525;2.499785e-01;1.085498;3.888795e+00;3.369645;2.464639e+00;0.100733;5.867317e-02;0.053367;1
432/300/432.jpg;9.337106;1.560770e-01;0.227519;8.431433e-01;0.622641;4.617401e-01;-0.001363;-4.061116e-03;0.025635;1
432/301/432.jpg;6.000834;2.930011e+00;2.644043;8.570397e+00;7.584142;5.338892e+00;0.056937;6.377236e-02;0.065432;1
433/302/433.jpg;9.468156;4.795529e-02;0.029987;4.105158e-01;0.344585;2.737855e-01;0.010975;6.705396e-03;0.029837;1
433/303/433.jpg;7.597026;1.672112e+00;1.937772;5.825239e+00;4.537385;3.306638e+00;0.040074;2.971152e-02;0.042432;1
434/304/434.jpg;9.445193;8.237666e-02;0.243327;4.939565e-01;0.435605;3.651618e-01;-0.012117;-7.558890e-03;0.024708;1
434/305/434.jpg;6.679865;1.108249e+00;1.976765;9.558724e+00;9.433478;7.441497e+00;0.095010;8.581376e-02;0.077588;1
435/306/435.jpg;9.437563;1.078483e-01;0.196331;5.839704e-01;0.434506;3.728390e-01;-0.001087;-3.860961e-03;0.025671;1
435/307/435.jpg;7.122308;1.127616e+00;3.358181;8.374980e+00;7.741476;5.503637e+00;0.054742;4.993981e-02;0.053878;1
436/308/436.jpg;9.373544;1.329636e-01;0.088323;7.692318e-01;0.563496;4.745953e-01;0.020257;3.426342e-03;0.027560;1
436/309/436.jpg;6.165575;4.225459e-01;1.785314;7.147300e+00;7.022355;4.724742e+00;0.030212;3.886697e-02;0.050380;1
437/310/437.jpg;9.477229;3.602989e-02;0.015485;4.359693e-01;0.372169;2.932760e-01;0.027396;1.335455e-02;0.032196;1
437/311/437.jpg;8.112112;7.802620e-01;1.685221;3.166994e+00;3.135186;2.317223e+00;0.054802;3.066492e-02;0.040453;1
438/312/438.jpg;9.399467;8.637894e-02;0.224156;7.782875e-01;0.584550;4.503928e-01;0.003566;-1.215364e-03;0.026420;1
438/313/438.jpg;5.839260;2.785661e+00;0.734065;9.723092e+00;9.520429;6.227970e+00;0.028774;3.588941e-02;0.048543;1
439/314/439.jpg;9.456690;1.057440e-01;0.156243;5.577074e-01;0.427719;3.636895e-01;-0.010371;-7.326415e-03;0.024716;1
439/315/439.jpg;7.249187;3.800963e-01;2.777177;9.195822e+00;7.739560;5.498847e+00;0.065227;6.298378e-02;0.063875;1
440/316/440.jpg;9.431034;1.420867e-02;0.178767;5.925969e-01;0.520537;4.308894e-01;0.037576;1.136277e-02;0.030005;1
440/317/440.jpg;6.305506;1.830156e-01;0.146768;8.289258e+00;8.590458;6.063867e+00;0.008465;1.865621e-02;0.038711;1
441/318/441.jpg;9.415435;7.123269e-02;0.289446;6.608058e-01;0.506958;3.801677e-01;0.005738;-3.257891e-04;0.026709;1
441/319/441.jpg;6.697084;1.189961e-01;2.035415;8.314668e+00;7.102213;5.389455e+00;0.041160;4.598290e-02;0.053554;1
442/320/442.jpg;9.428566;9.369544e-02;0.154791;6.422241e-01;0.533052;4.196047e-01;0.011063;3.991022e-04;0.026755;1
442/321/442.jpg;6.280934;1.863675e+00;2.426466;8.651633e+00;7.385285;5.221797e+00;0.048453;4.264445e-02;0.048198;1
443/322/443.jpg;9.360658;2.133449e-01;0.423500;7.329530e-01;0.633168;4.270507e-01;0.018181;2.991996e-03;0.027472;1
443/323/443.jpg;5.810726;2.034076e+00;1.594302;7.537424e+00;9.466092;5.517076e+00;0.028482;3.424050e-02;0.046975;1
444/324/444.jpg;9.330804;5.718400e-02;0.335597;8.721622e-01;0.637235;4.938678e-01;-0.000890;-3.487181e-03;0.025755;1
444/325/444.jpg;5.900096;3.281019e+00;1.622393;8.307207e+00;8.487785;5.690473e+00;0.038825;4.173143e-02;0.050419;1
445/326/445.jpg;9.440688;1.193527e-01;0.409860;6.305959e-01;0.495192;4.480795e-01;0.038084;1.095043e-02;0.029773;1
445/327/445.jpg;6.395758;8.202728e-01;0.969870;9.500663e+00;8.704441;6.769153e+00;0.002617;1.669718e-02;0.037782;1
446/328/446.jpg;9.397976;1.394088e-01;0.203220;5.944045e-01;0.530392;4.074308e-01;0.002954;-2.511216e-03;0.025978;1
446/329/446.jpg;6.367994;2.557963e+00;3.174281;8.137977e+00;8.927935;5.635452e+00;0.042908;4.384189e-02;0.050590;1
447/330/447.jpg;9.441529;9.192302e-02;0.121786;5.665877e-01;0.546180;4.471926e-01;0.030138;7.899528e-03;0.028822;1
447/331/447.jpg;6.828811;1.433821e+00;2.901847;5.975749e+00;6.714335;4.924500e+00;0.020717;1.970329e-02;0.037089;1
448/332/448.jpg;9.420823;9.677342e-03;-0.050862;5.879601e-01;0.482086;4.274505e-01;0.008926;-3.646851e-06;0.026676;1
448/333/448.jpg;6.278573;4.822042e-01;0.086040;9.770178e+00;9.099083;6.871863e+00;0.065283;4.519695e-02;0.048488;1
449/334/449.jpg;9.401496;1.434629e-01;0.214592;7.161782e-01;0.661703;4.726236e-01;0.048877;1.520489e-02;0.030975;1
449/335/449.jpg;6.067459;5.572632e-01;2.001144;6.418672e+00;6.857358;4.489100e+00;0.003933;1.392221e-02;0.035874;1
450/336/450.jpg;9.413142;1.688044e-01;0.468060;6.226320e-01;0.414532;3.443909e-01;-0.002960;-4.747197e-03;0.025372;1
450/337/450.jpg;6.329253;1.949421e+00;3.526317;6.674417e+00;6.766004;3.882388e+00;0.051421;5.255745e-02;0.057521;1
451/338/451.jpg;9.351814;1.789366e-01;0.245918;8.012122e-01;0.559542;4.718558e-01;-0.005486;-5.828505e-03;0.025063;1
451/339/451.jpg;5.370930;8.132648e-01;-0.278525;1.079277e+01;10.566855;7.071620e+00;0.082131;8.645400e-02;0.083206;1
452/340/452.jpg;9.325924;1.708602e-01;0.100482;8.782255e-01;0.601314;4.595057e-01;0.010557;1.728151e-04;0.026745;1
452/341/452.jpg;5.536361;1.181026e+00;1.976538;1.041737e+01;10.196056;7.344798e+00;0.035771;4.900953e-02;0.057562;1
453/342/453.jpg;9.438151;6.942716e-02;0.054835;7.391073e-01;0.512060;4.649247e-01;-0.007536;-6.095198e-03;0.025054;1
453/343/453.jpg;5.483585;6.433364e-01;0.330983;1.245631e+01;9.647016;8.166945e+00;0.105984;7.496908e-02;0.063246;1
454/344/454.jpg;9.370889;7.609435e-02;0.069271;7.881171e-01;0.672425;4.842635e-01;-0.011633;-7.303303e-03;0.024772;1
454/345/454.jpg;4.952137;-7.148613e-02;0.583789;9.930785e+00;11.146486;6.389707e+00;0.089499;9.174035e-02;0.085641;1
455/346/455.jpg;9.280161;2.536451e-01;0.479629;1.052937e+00;1.008700;7.380373e-01;0.053078;1.747174e-02;0.031616;1
455/347/455.jpg;5.154210;2.307920e+00;2.603640;7.303802e+00;8.166750;5.125821e+00;-0.016138;1.363216e-03;0.030196;1
456/348/456.jpg;9.452708;2.047426e-02;0.069028;4.590670e-01;0.579018;3.694363e-01;-0.001789;-4.271493e-03;0.025517;1
456/349/456.jpg;5.651053;1.920905e+00;2.185693;9.799413e+00;11.970539;7.312209e+00;0.041635;3.802880e-02;0.047487;1
457/350/457.jpg;9.408983;9.269447e-02;0.123584;6.889118e-01;0.565617;4.445885e-01;0.019634;3.394477e-03;0.027551;1
457/351/457.jpg;6.618958;1.515909e+00;2.752262;5.557677e+00;6.031829;3.681440e+00;0.028327;3.110188e-02;0.043974;1
458/352/458.jpg;9.367651;6.175365e-02;-0.027001;1.684733e+00;1.206245;1.027152e+00;0.026286;1.563101e-02;0.033245;1
458/353/458.jpg;7.745734;1.854774e+00;2.624743;4.255969e+00;3.804892;2.478312e+00;0.018545;1.773505e-02;0.036560;1
459/354/459.jpg;9.472917;8.010534e-02;-0.039416;5.168967e-01;0.407227;3.683698e-01;0.033220;1.885355e-02;0.034426;1
459/355/459.jpg;7.710963;1.750918e+00;1.908620;5.594943e+00;4.961458;3.635250e+00;0.017449;1.536516e-02;0.035124;1
460/356/460.jpg;9.458208;7.629763e-02;0.079550;5.712795e-01;0.508907;3.798351e-01;-0.003260;-4.781528e-03;0.025382;1
460/357/460.jpg;6.375393;2.579467e+00;2.980792;8.983331e+00;9.629159;6.277319e+00;0.058947;5.681834e-02;0.057994;1
461/358/461.jpg;9.293208;3.048324e-01;0.412444;8.334818e-01;0.550161;3.958060e-01;0.009353;1.780290e-04;0.026796;1
461/359/461.jpg;5.400888;2.196774e+00;1.929463;9.412974e+00;8.332776;5.064018e+00;0.029819;3.067284e-02;0.045105;1
462/360/462.jpg;9.460072;6.851657e-02;0.033558;5.819948e-01;0.403635;3.423050e-01;0.035654;2.013326e-02;0.034888;1
462/361/462.jpg;7.662981;1.915348e+00;1.786097;4.579730e+00;3.596069;2.728321e+00;0.007296;1.302421e-02;0.034520;1
463/362/463.jpg;9.484080;3.749711e-02;-0.043708;4.326726e-01;0.373394;3.243631e-01;0.008609;3.506276e-03;0.028696;1
463/363/463.jpg;8.174545;8.985503e-01;2.202682;4.074111e+00;3.489699;2.452073e+00;0.102893;5.990545e-02;0.052871;1
464/364/464.jpg;9.408171;9.931974e-02;-0.000512;8.267251e-01;0.762671;5.395011e-01;-0.010527;-6.554331e-03;0.025045;1
464/365/464.jpg;5.171061;3.842854e+00;1.424638;8.984425e+00;10.298457;5.597523e+00;0.143024;1.045158e-01;0.078707;1
465/366/465.jpg;9.405368;9.353980e-02;0.160370;8.448138e-01;0.644690;4.638504e-01;0.002088;-2.644274e-03;0.025968;1
465/367/465.jpg;5.630952;2.232392e+00;2.384059;9.352009e+00;8.989318;5.215714e+00;0.101308;7.859751e-02;0.068094;1
466/368/466.jpg;9.461989;1.780285e-02;0.033783;6.417074e-01;0.479115;4.293121e-01;0.019530;8.319440e-03;0.030300;1
466/369/466.jpg;8.038736;4.842720e-01;1.916767;4.584011e+00;4.521674;2.983829e+00;0.091469;4.767315e-02;0.046586;1
467/370/467.jpg;9.444785;1.084936e-01;0.156369;6.067876e-01;0.486792;3.611358e-01;-0.002665;-4.170920e-03;0.025574;1
467/371/467.jpg;6.024051;8.646598e-01;2.275166;7.993575e+00;7.956511;4.742634e+00;0.091002;6.866489e-02;0.060340;1
468/372/468.jpg;9.318948;2.176664e-01;0.152317;7.994454e-01;0.649065;4.509200e-01;0.002977;-2.801505e-03;0.025862;1
468/373/468.jpg;5.606783;-1.656626e-01;-1.367886;8.925319e+00;9.319492;5.658769e+00;0.051890;4.854634e-02;0.054973;1
469/374/469.jpg;9.461794;6.486859e-02;0.066980;3.725658e-01;0.407277;2.716464e-01;-0.014787;-9.310877e-03;0.024157;1
469/375/469.jpg;6.236390;1.156095e+00;2.207567;7.570256e+00;10.700316;5.445437e+00;0.047754;5.225515e-02;0.056986;1
470/376/470.jpg;9.421861;6.196830e-02;0.110185;5.859854e-01;0.518173;3.921823e-01;0.031489;8.051027e-03;0.028880;1
470/377/470.jpg;6.492770;1.085064e+00;1.903382;6.845795e+00;8.005022;5.128972e+00;0.002495;1.489882e-02;0.037206;1
471/378/471.jpg;9.344910;1.071911e-01;-0.036252;8.440756e-01;0.576125;4.146369e-01;0.011344;1.789236e-05;0.026597;1
471/379/471.jpg;5.388140;3.288551e+00;1.848263;8.314489e+00;7.781915;4.819174e+00;0.017182;3.370020e-02;0.048786;1
472/380/472.jpg;9.397039;1.701340e-01;0.229035;7.044446e-01;0.490856;3.667855e-01;-0.005521;-5.657712e-03;0.025128;1
472/381/472.jpg;5.526388;7.151255e-01;-0.276529;1.012461e+01;9.917187;6.014647e+00;0.064583;6.577924e-02;0.067312;1
473/382/473.jpg;9.387592;1.312081e-01;0.158717;6.468930e-01;0.576226;4.554757e-01;0.002211;-1.905388e-03;0.026285;1
473/383/473.jpg;5.879274;1.222942e-01;0.038229;7.690047e+00;9.061743;5.381843e+00;0.068369;5.202547e-02;0.053749;1
474/384/474.jpg;9.395766;1.669581e-01;0.236056;7.098373e-01;0.521608;3.882934e-01;-0.018292;-1.035496e-02;0.023920;1
474/385/474.jpg;6.100906;4.362198e+00;2.407407;9.250022e+00;9.974745;5.630683e+00;0.080009;9.054907e-02;0.086376;1
475/386/475.jpg;9.368629;2.108123e-01;0.251965;1.503749e+00;0.597909;4.085568e-01;0.035631;9.614540e-03;0.029305;1
475/387/475.jpg;5.165823;3.437248e+00;2.286367;7.609288e+00;7.369699;4.488587e+00;-0.021326;5.504289e-03;0.033826;1
476/388/476.jpg;9.337671;2.242561e-01;0.388270;8.818006e-01;0.671093;5.158960e-01;-0.007103;-6.048643e-03;0.025031;1
476/389/476.jpg;5.933583;4.458574e-01;-0.635411;7.790999e+00;8.747617;4.483270e+00;0.103526;8.348157e-02;0.073965;1
477/390/477.jpg;9.442426;3.312228e-02;-0.109116;4.804839e-01;0.376303;2.610965e-01;-0.001742;-3.256524e-03;0.025914;1
477/391/477.jpg;7.043308;1.342924e+00;1.039043;5.026529e+00;4.916349;2.985890e+00;0.042986;4.830152e-02;0.055107;1
478/392/478.jpg;9.369460;4.841597e-02;-0.005293;7.252235e-01;0.543263;4.501548e-01;-0.002171;-2.542960e-03;0.026435;1
478/393/478.jpg;7.169511;1.574369e+00;2.087629;5.651561e+00;5.243233;3.647013e+00;0.186442;1.138037e-01;0.080244;1
479/394/479.jpg;9.450137;5.170415e-02;0.045037;6.560090e-01;0.517583;4.207632e-01;0.013210;5.979969e-03;0.029354;1
479/395/479.jpg;7.726649;1.809002e+00;2.062524;4.404254e+00;4.297462;2.588335e+00;0.068683;4.269774e-02;0.047160;1
480/396/480.jpg;9.438030;1.080451e-01;0.117429;5.628212e-01;0.456078;3.922346e-01;0.006675;-1.250619e-03;0.026363;1
480/397/480.jpg;5.993140;1.123967e+00;0.632155;8.358240e+00;8.214159;5.471257e+00;0.037091;3.968165e-02;0.048846;1
481/398/481.jpg;9.458372;7.047107e-02;0.077613;5.420620e-01;0.406542;3.572583e-01;-0.004191;-5.065031e-03;0.025331;1
481/399/481.jpg;6.315911;6.552251e-01;0.765432;9.729172e+00;10.654581;6.980897e+00;0.044533;5.391743e-02;0.059768;1
482/400/482.jpg;9.292192;2.376068e-01;0.262666;7.394801e-01;0.638858;4.911788e-01;0.009824;3.659387e-04;0.026780;1
482/401/482.jpg;6.021787;1.484249e+00;2.366353;6.759905e+00;8.174588;4.980410e+00;0.056133;4.846334e-02;0.052281;1
483/402/483.jpg;9.400294;1.568342e-01;0.047380;6.317317e-01;0.485305;3.931845e-01;0.001182;-3.011056e-03;0.025872;1
483/403/483.jpg;6.442249;2.683291e-01;-0.963300;8.321731e+00;8.894564;5.856043e+00;0.062157;6.306385e-02;0.065664;1
484/404/484.jpg;9.407587;1.619988e-01;0.234976;6.147308e-01;0.493853;4.044007e-01;0.007797;-8.622750e-04;0.026432;1
484/405/484.jpg;5.991789;3.311454e-01;-0.434316;7.560851e+00;8.486169;5.678662e+00;0.041556;3.986203e-02;0.049494;1
485/406/485.jpg;9.285600;2.654090e-01;0.529692;9.571822e-01;0.739956;5.724138e-01;0.023422;4.578638e-03;0.027810;1
485/407/485.jpg;5.486272;2.476513e+00;1.836542;1.123668e+01;10.710200;8.203360e+00;0.028982;3.814512e-02;0.049706;1
486/408/486.jpg;9.414682;2.055352e-01;0.730294;6.768990e-01;0.573396;4.459277e-01;0.034105;8.362428e-03;0.028833;1
486/409/486.jpg;5.615245;3.615608e-01;0.648126;1.170318e+01;12.658710;7.911374e+00;-0.008279;1.727642e-02;0.039797;1
487/410/487.jpg;9.415945;1.431500e-01;0.330808;6.009211e-01;0.490991;3.867391e-01;0.007579;-4.061737e-04;0.026602;1
487/411/487.jpg;6.113166;-4.558751e-01;0.796801;8.962703e+00;10.084902;6.483829e+00;0.035826;4.384699e-02;0.053041;1
488/412/488.jpg;9.450784;8.180506e-02;0.168820;4.699881e-01;0.434663;3.058418e-01;0.016550;2.650012e-03;0.027382;1
488/413/488.jpg;6.665042;-4.775940e-01;3.287251;7.077636e+00;7.056306;4.153757e+00;0.030386;2.865570e-02;0.042179;1
489/414/489.jpg;9.428411;1.375024e-01;0.163804;6.273991e-01;0.484845;3.775989e-01;-0.000198;-3.551030e-03;0.025767;1
489/415/489.jpg;5.818845;1.286745e+00;1.439405;1.005228e+01;8.079171;5.656930e+00;0.044993;4.704197e-02;0.054161;1
490/416/490.jpg;9.464492;2.235757e-02;0.003808;4.306571e-01;0.459008;3.418069e-01;0.032842;1.345102e-02;0.031536;1
490/417/490.jpg;7.801775;4.755802e-01;1.499307;4.308672e+00;4.297390;2.886635e+00;0.073749;3.723207e-02;0.042054;1
491/418/491.jpg;9.394358;1.177622e-01;0.128752;6.281465e-01;0.441219;3.253828e-01;-0.001289;-3.910233e-03;0.025678;1
491/419/491.jpg;5.869367;2.960478e+00;1.727083;8.073128e+00;7.329566;4.917696e+00;0.045040;4.362733e-02;0.051319;1
492/420/492.jpg;9.316256;2.263602e-01;0.271933;7.807798e-01;0.536935;4.187322e-01;0.002960;-1.577132e-03;0.026364;1
492/421/492.jpg;5.326386;9.604541e-01;0.480907;9.031600e+00;8.451120;5.885674e+00;0.038468;3.681933e-02;0.046870;1
493/422/493.jpg;9.467895;3.647086e-02;0.005513;4.780990e-01;0.382696;3.191845e-01;0.019560;1.172550e-02;0.032146;1
493/423/493.jpg;8.508432;1.252494e+00;2.421954;2.787278e+00;2.080534;1.416411e+00;0.035652;2.934894e-02;0.040584;1
494/424/494.jpg;9.386478;1.386747e-01;0.267378;7.144343e-01;0.553420;4.523532e-01;-0.014445;-8.748014e-03;0.024353;1
494/425/494.jpg;6.078852;2.223135e+00;2.165198;8.519290e+00;8.107087;5.077540e+00;0.027173;4.010309e-02;0.051035;1
495/426/495.jpg;9.471525;3.679463e-02;-0.004045;4.855461e-01;0.374010;2.971944e-01;0.017843;1.027270e-02;0.031163;1
495/427/495.jpg;7.966062;7.345898e-01;2.108988;3.520567e+00;3.622012;2.198488e+00;0.047372;3.115560e-02;0.041740;1
496/428/496.jpg;9.418789;1.819420e-01;0.278927;5.981213e-01;0.532674;3.805951e-01;-0.003874;-5.611768e-03;0.025127;1
496/429/496.jpg;6.298550;6.375796e-01;1.734653;9.845027e+00;9.595186;5.896708e+00;0.050848;6.887062e-02;0.071874;1
497/430/497.jpg;9.347189;2.128816e-01;0.360365;5.698118e-01;0.507108;3.398806e-01;0.003441;-2.772427e-03;0.025881;1
497/431/497.jpg;6.517144;2.289875e+00;2.657559;6.934193e+00;6.752684;4.467268e+00;0.002155;2.916411e-02;0.048819;1
498/432/498.jpg;9.459471;7.253742e-02;0.269173;5.084968e-01;0.395944;3.046589e-01;-0.003727;-4.642800e-03;0.025504;1
498/433/498.jpg;6.305436;6.176079e-01;-0.372716;8.548699e+00;7.587318;5.450212e+00;0.054575;4.714818e-02;0.052071;1
499/434/499.jpg;9.417908;9.308527e-02;0.185336;6.366947e-01;0.525430;3.555817e-01;0.013675;1.662576e-03;0.027217;1
499/435/499.jpg;6.389686;5.628539e-01;3.286581;7.670945e+00;8.139530;5.330565e+00;0.025032;3.326381e-02;0.045880;1
511/436/511.jpg;5.092940;-7.838572e-01;1.097268;3.808095e+00;4.194348;2.242651e+00;0.101414;6.337252e-02;0.056137;0
511/437/511.jpg;6.574422;-1.740580e+00;4.076464;3.879277e+00;3.578598;2.340347e+00;0.025177;1.640200e-02;0.034459;0
511/438/511.jpg;9.189675;-2.501603e-01;-0.151778;1.619432e+00;1.188635;8.069029e-01;0.163745;1.949547e-01;0.155364;0
512/439/512.jpg;3.966694;1.214125e+00;0.788847;5.957378e+00;8.762082;4.975705e+00;0.206650;1.569495e-01;0.112453;0
512/440/512.jpg;5.939562;-9.654705e-01;2.726358;7.244350e+00;7.339624;5.304550e+00;0.278123;1.763165e-01;0.106201;0
512/441/512.jpg;8.260078;-7.460603e-01;0.273158;6.153775e+00;5.383195;4.007738e+00;0.358667;3.746447e-01;0.321619;0
512/442/512.jpg;7.768098;-8.308032e-01;3.892636;5.014804e+00;5.326336;3.749969e+00;0.117060;6.429730e-02;0.051974;0
512/443/512.jpg;7.105302;1.705217e+00;1.686577;3.922619e+00;5.504291;3.523332e+00;0.030762;2.619231e-02;0.040531;0
513/444/513.jpg;5.680611;-8.069633e-01;1.778860;6.171587e+00;6.247707;3.407707e+00;0.349204;2.400250e-01;0.152337;0
513/445/513.jpg;7.846516;4.692995e-01;2.488237;4.732560e+00;4.139395;2.975297e+00;0.015984;1.159078e-02;0.031795;0
513/446/513.jpg;7.887837;-1.099352e+00;-2.222448;1.523095e+00;1.148671;7.016457e-01;0.232373;1.235352e-01;0.076507;0
514/447/514.jpg;6.047434;-2.074098e+00;1.232677;2.298545e+00;2.673322;1.015205e+00;0.255457;1.979011e-01;0.131234;0
514/448/514.jpg;7.449055;3.247457e-01;1.903964;2.330871e+00;3.223288;1.626650e+00;-0.009271;6.790567e-03;0.033317;0
514/449/514.jpg;7.265700;-1.006380e+00;-0.434078;1.368417e+00;1.679412;5.657095e-01;0.090810;6.403246e-02;0.059316;0
514/450/514.jpg;8.237981;1.348523e+00;3.869995;3.224848e+00;3.985368;2.287146e+00;0.067780;7.577567e-02;0.071539;0
515/451/515.jpg;6.233382;1.260876e+00;2.277925;4.179163e+00;4.539091;2.732494e+00;0.089231;4.245883e-02;0.041907;0
515/452/515.jpg;7.515295;2.468786e+00;4.633450;3.525826e+00;3.489721;2.371705e+00;0.092699;5.462762e-02;0.049014;0
515/453/515.jpg;8.789623;-9.371221e-02;0.021025;3.350309e+00;3.767869;2.315597e+00;0.137095;1.188869e-01;0.089538;0
516/454/516.jpg;3.424785;4.706478e-01;0.288439;3.919691e+00;5.373287;3.018117e+00;0.114643;9.728651e-02;0.087713;0
516/455/516.jpg;8.518796;7.666334e-01;0.242683;2.513551e+00;3.374845;1.624249e+00;0.218316;1.523257e-01;0.101659;0
516/456/516.jpg;5.993540;9.352029e-01;1.106104;3.493812e+00;4.769316;2.410363e+00;0.109361;6.292755e-02;0.051607;0
516/457/516.jpg;8.255520;5.486905e-02;3.530064;4.260662e+00;4.560952;2.781571e+00;0.184848;1.076528e-01;0.077307;0
517/458/517.jpg;4.349382;4.266658e-01;0.834131;3.938390e+00;6.352966;2.534435e+00;0.095785;7.697432e-02;0.064177;0
517/459/517.jpg;8.887814;1.983229e-01;-0.322122;1.476240e+00;1.726493;9.738982e-01;0.069486;5.294241e-02;0.051474;0
517/460/517.jpg;7.943839;8.346123e-01;1.887137;3.747993e+00;4.403620;2.234536e+00;0.107829;6.325892e-02;0.052933;0
518/461/518.jpg;8.178270;9.110665e-01;1.174625;3.221384e+00;3.118128;1.930395e+00;0.042731;1.736480e-02;0.032697;0
518/462/518.jpg;5.434770;7.584646e-01;-0.142986;6.181057e+00;6.944788;3.853941e+00;0.118335;5.182657e-02;0.044860;0
519/463/519.jpg;4.373259;6.472800e-01;0.542810;5.083837e+00;6.090748;2.863663e+00;0.179001;1.242648e-01;0.086535;0
519/464/519.jpg;7.365342;1.282163e+00;1.911143;4.174185e+00;4.468967;2.229042e+00;0.017706;5.686574e-03;0.028936;0
519/465/519.jpg;7.741280;6.023374e-02;-1.088374;2.259231e+00;1.787952;9.787160e-01;0.761435;7.078657e-01;0.531048;0
520/466/520.jpg;3.772476;3.674906e-01;-0.564200;3.434884e+00;4.540909;1.750609e+00;0.368905;2.479817e-01;0.149103;0
520/467/520.jpg;7.934835;1.300633e+00;0.321862;2.958883e+00;3.125150;1.744046e+00;0.005765;1.038895e-02;0.032736;0
520/468/520.jpg;5.613480;-5.650526e-01;0.481438;2.797240e+00;3.094972;1.118977e+00;0.108624;7.437468e-02;0.061666;0
521/469/521.jpg;5.939230;9.818779e-01;1.414926;5.257049e+00;6.563269;3.291469e+00;0.098141;7.385284e-02;0.063668;0
521/470/521.jpg;6.659918;-1.319150e+00;3.951588;3.088067e+00;3.117012;1.902443e+00;0.114836;2.073637e-01;0.260564;0
521/471/521.jpg;8.784950;-2.023718e-01;-1.190590;9.775257e-01;0.913988;5.598091e-01;0.159433;1.858202e-01;0.145397;0
521/472/521.jpg;8.560556;1.145749e+00;1.981534;2.816880e+00;2.392118;1.557435e+00;0.054050;2.046366e-02;0.033566;0
611/473/611.jpg;1.712893;-3.266323e-03;0.167860;1.914383e+00;1.835419;9.711090e-01;0.126929;5.152839e-02;0.042317;0
611/474/611.jpg;7.513801;9.348982e-01;1.811521;1.933259e+00;1.813980;1.017262e+00;-0.049754;-1.943089e-02;0.022264;0
612/475/612.jpg;1.934764;7.867289e-02;0.121953;7.784021e-01;0.801973;4.348962e-01;0.332559;1.860287e-01;0.101425;0
612/476/612.jpg;6.947842;4.479125e+00;-0.950434;2.724366e+00;3.030429;1.624211e+00;0.092375;5.233701e-02;0.046685;0
612/477/612.jpg;3.459810;-7.866247e-01;0.777233;8.100923e-01;0.875331;4.151084e-01;0.409792;2.616927e-01;0.153191;0
612/478/612.jpg;5.273137;7.442397e+00;-2.559561;2.844448e+00;3.003189;1.445866e+00;0.290476;1.643027e-01;0.092843;0
612/479/612.jpg;2.585694;2.618608e+00;-0.468162;2.027249e+00;2.004728;7.765663e-01;0.518591;1.036859e+00;2.020201;0
612/480/612.jpg;8.334430;2.026707e+00;-0.103173;1.481317e+00;1.464286;9.151633e-01;0.030603;1.333577e-02;0.031593;0
613/481/613.jpg;1.209646;6.027440e-02;0.017140;1.197510e+00;1.238885;7.812123e-01;0.165138;7.208149e-02;0.049679;0
613/482/613.jpg;5.438688;8.407839e+00;0.353133;3.506183e+00;2.645551;1.567064e+00;0.028174;1.322046e-02;0.032162;0
613/483/613.jpg;6.594091;2.763713e+00;-0.665818;3.596203e+00;3.295059;1.807161e+00;0.267782;1.383432e-01;0.077285;0
613/484/613.jpg;6.894160;4.944728e+00;-0.295228;1.919279e+00;1.692244;1.076844e+00;0.007363;2.172731e-03;0.027744;0
614/485/614.jpg;2.157996;2.922932e-01;0.039239;7.358245e-01;0.717345;3.978014e-01;0.336708;1.990154e-01;0.111495;0
614/486/614.jpg;7.529775;5.758578e+00;3.098776;1.603735e+00;1.692518;7.455496e-01;0.033468;1.090890e-02;0.029990;0
614/487/614.jpg;4.383221;3.222185e+00;1.244632;2.271037e+00;2.210435;9.291422e-01;0.652597;5.543919e-01;0.385218;0
614/488/614.jpg;6.375819;9.571627e+00;4.410656;2.641755e+00;2.609564;1.124766e+00;0.032436;2.175193e-02;0.036384;0
614/489/614.jpg;3.706845;-3.475671e-01;0.637741;6.953269e-01;0.656262;3.877783e-01;0.420928;2.590856e-01;0.141919;0
615/490/615.jpg;1.569561;1.799953e-01;-0.000345;8.876636e-01;0.907222;5.519170e-01;0.162605;8.657064e-02;0.062061;0
615/491/615.jpg;7.382786;3.877980e+00;2.837639;1.877331e+00;1.897580;9.124977e-01;0.020349;3.579065e-03;0.027275;0
615/492/615.jpg;3.029833;1.847243e-03;0.590879;1.746072e+00;1.889662;9.081013e-01;0.443738;3.949445e-01;0.310020;0
615/493/615.jpg;7.523328;5.055863e+00;5.289287;1.859320e+00;1.660304;8.880069e-01;-0.020395;-5.487405e-03;0.026630;0
616/494/616.jpg;2.861429;8.384470e-01;0.291039;8.531378e-01;0.858866;4.703515e-01;0.298321;1.590706e-01;0.088766;0
616/495/616.jpg;3.489135;7.683212e+00;0.496016;1.702359e+00;1.530862;6.184307e-01;0.339649;2.590693e-01;0.172009;0
616/496/616.jpg;5.045143;-6.606745e-01;2.040053;1.559274e+00;1.740435;9.787113e-01;0.353075;2.154620e-01;0.123506;0
616/497/616.jpg;4.323101;1.138199e+01;1.297014;6.086540e-01;0.651184;3.384686e-01;-0.049302;-1.942001e-02;0.021948;0
617/498/617.jpg;1.255731;1.086055e-02;0.017900;9.572061e-01;0.914100;6.332449e-01;0.159626;7.654070e-02;0.053702;0
617/499/617.jpg;7.579143;2.274055e+00;1.206663;2.172806e+00;1.923037;1.124886e+00;0.041437;1.462510e-02;0.031013;0
617/500/617.jpg;3.062016;9.292357e-01;0.511096;4.643345e+00;3.957484;2.335991e+00;0.831591;7.521406e-01;0.553506;0
617/501/617.jpg;7.447118;3.001134e+00;4.511343;1.789482e+00;1.098655;6.912727e-01;0.033738;1.600620e-02;0.032900;0
618/502/618.jpg;2.243607;7.872189e-02;0.034488;1.113336e+00;1.153365;5.390509e-01;0.197872;9.622055e-02;0.060589;0
618/503/618.jpg;4.554337;1.084422e+01;0.059119;1.180300e+00;1.090164;5.443189e-01;0.036511;2.226419e-02;0.036235;0
618/504/618.jpg;4.460810;-8.359097e-01;1.465365;1.579443e+00;1.272372;5.079390e-01;0.486118;3.642219e-01;0.237384;0
618/505/618.jpg;5.312796;1.047281e+01;-2.723837;1.177942e+00;1.037456;5.412431e-01;0.050030;2.042765e-02;0.033382;0
619/506/619.jpg;2.410972;4.343725e-02;0.137434;2.107632e+00;2.286691;9.565488e-01;0.402124;2.427811e-01;0.134388;0
619/507/619.jpg;6.709064;7.770095e+00;2.090057;1.757699e+00;1.724924;9.602518e-01;0.023754;9.670923e-03;0.029950;0
619/508/619.jpg;5.114789;-7.399627e-01;1.006397;1.831087e+00;2.111245;7.510937e-01;0.343237;2.220752e-01;0.136144;0
619/509/619.jpg;5.982154;1.036256e+01;2.542522;1.678036e+00;1.667005;9.166666e-01;0.106514;4.829000e-02;0.043454;0
619/510/619.jpg;3.929560;1.913015e+00;0.421219;2.023580e+00;1.806810;8.286387e-01;0.126497;1.004280e-01;0.087761;0
620/511/620.jpg;2.907117;1.413750e-01;0.501783;2.207494e+00;2.247726;9.573919e-01;0.581552;4.503938e-01;0.282418;0
620/512/620.jpg;6.246690;5.673051e+00;2.671136;4.954491e+00;5.025936;3.118428e+00;-0.058639;-2.342948e-02;0.020732;0
620/513/620.jpg;6.101168;-6.950593e-01;0.429264;1.927777e+00;1.903749;8.906819e-01;0.467546;2.999853e-01;0.166207;0
620/514/620.jpg;4.545532;1.192820e+01;1.442167;6.762264e-01;0.662653;4.039460e-01;-0.023517;-1.295189e-02;0.023047;0
620/515/620.jpg;4.380386;-4.622766e-01;1.373800;2.441446e+00;2.486359;1.036003e+00;0.462098;2.993428e-01;0.165969;0
621/516/621.jpg;1.647536;2.004240e-01;0.018996;1.431163e+00;1.328651;7.550688e-01;0.323724;1.789881e-01;0.097544;0
621/517/621.jpg;6.787690;5.464919e+00;0.302692;2.426002e+00;2.564905;1.321469e+00;0.184919;1.576734e-01;0.139861;0
621/518/621.jpg;4.340575;-6.326518e-01;0.405259;2.098149e+00;1.978428;1.224903e+00;0.606107;4.872367e-01;0.313966;0
621/519/621.jpg;4.966250;1.083486e+01;0.061238;1.802407e+00;1.551170;8.068516e-01;0.031189;1.488466e-02;0.032361;0
621/520/621.jpg;2.825205;-7.928128e-02;0.289735;2.077048e+00;1.916975;1.107767e+00;0.491704;3.281406e-01;0.190407;0
621/521/621.jpg;6.241648;8.202971e+00;0.398678;2.612393e+00;2.386647;1.182542e+00;0.101596;5.727752e-02;0.049887;0
621/522/621.jpg;5.630651;-3.854610e-01;2.671786;1.569398e+00;1.165163;5.210031e-01;1.126439;1.136165e+00;0.922585;0
711/523/711.jpg;5.997050;1.091016e+00;0.443714;4.229798e+00;7.104067;3.041178e+00;-0.039736;-1.002837e-02;0.026008;0
711/524/711.jpg;7.967012;-7.406175e-01;5.031411;4.184284e+00;4.194015;2.510131e+00;0.206642;1.189024e-01;0.077410;0
711/525/711.jpg;7.446917;-1.215767e+00;3.410110;2.305119e+00;2.401234;1.156808e+00;0.089694;4.928607e-02;0.046289;0
711/526/711.jpg;8.536951;-1.527989e-01;6.799815;4.575567e+00;4.569105;3.268348e+00;0.289101;2.359598e-01;0.157663;0
712/527/712.jpg;4.943346;-4.076280e-02;1.170070;8.291640e+00;8.521044;5.430270e+00;0.121954;6.686439e-02;0.055978;0
712/528/712.jpg;7.055366;-2.139154e+00;-1.256212;5.795933e+00;5.344444;3.891057e+00;0.007617;1.589589e-02;0.037097;0
712/529/712.jpg;5.529030;-1.967469e+00;2.706091;5.436031e+00;5.736998;3.917391e+00;0.187031;1.168978e-01;0.082562;0
712/530/712.jpg;6.975688;-9.866621e-01;3.056058;3.687749e+00;4.377310;2.961318e+00;0.091274;6.904985e-02;0.060879;0
712/531/712.jpg;5.554235;3.566884e+00;2.204384;4.440022e+00;6.154105;2.955664e+00;0.133575;1.097738e-01;0.094672;0
712/532/712.jpg;7.892948;7.291865e-01;0.784483;5.192839e+00;5.200585;3.079165e+00;0.240004;1.994429e-01;0.154492;0
713/533/713.jpg;3.065551;-4.798896e-01;0.661460;9.869260e+00;9.898913;7.513211e+00;0.136119;1.160038e-01;0.088974;0
713/534/713.jpg;5.418732;-1.870212e+00;2.890243;5.603842e+00;6.486907;4.588151e+00;0.079388;3.981714e-02;0.041512;0
713/535/713.jpg;4.951279;8.552634e-01;1.536310;6.369983e+00;8.278449;4.941565e+00;0.309279;2.250807e-01;0.145925;0
713/536/713.jpg;8.213673;8.642312e-01;0.447134;2.492643e+00;3.361692;1.487723e+00;-0.001821;8.053318e-03;0.032339;0
714/537/714.jpg;3.733667;-8.567218e-01;-0.855775;9.656844e-01;0.946227;4.048744e-01;0.034624;4.459743e-02;0.051197;0
714/538/714.jpg;5.095126;3.953902e+00;2.210568;3.592660e+00;6.555144;2.241855e+00;0.032986;4.141600e-02;0.056387;0
714/539/714.jpg;7.497658;-1.101581e-01;-0.953923;3.926811e+00;1.736078;6.412167e-01;0.215641;2.255674e-01;0.168588;0
714/540/714.jpg;6.614235;-7.810803e-01;2.967994;1.915114e+00;2.587470;1.345874e+00;0.061144;4.113431e-02;0.044479;0
715/541/715.jpg;2.186534;-4.025290e-01;-1.939175;1.277783e+00;1.390424;6.094545e-01;0.205182;1.803108e-01;0.138036;0
715/542/715.jpg;5.357341;2.623388e+00;1.999926;3.791241e+00;7.015988;2.530002e+00;0.412999;3.317703e-01;0.214354;0
715/543/715.jpg;7.096063;-7.125698e-01;-0.988277;4.857642e+00;3.315205;1.297144e+00;0.157795;1.896692e-01;0.158267;0
715/544/715.jpg;5.839225;-1.581006e+00;3.233743;2.630429e+00;3.394069;1.878643e+00;0.029088;3.851537e-02;0.047329;0
715/545/715.jpg;3.535331;-1.566682e+00;-0.384250;1.834135e+00;1.351748;6.342862e-01;0.078225;6.411419e-02;0.060973;0
716/546/716.jpg;2.863443;1.166959e+00;-0.020332;3.910747e+00;5.620606;2.628999e+00;0.099031;9.225690e-02;0.083541;0
716/547/716.jpg;7.969017;-2.842983e-01;4.078767;4.583401e+00;5.047244;3.224962e+00;0.289747;1.894137e-01;0.117510;0
716/548/716.jpg;7.640323;-7.460921e-01;1.516827;1.731610e+00;1.933052;8.657916e-01;0.079675;5.068772e-02;0.048525;0
716/549/716.jpg;8.688607;7.736127e-02;6.255246;3.950697e+00;4.254660;2.819281e+00;0.218653;2.174562e-01;0.162004;0
716/550/716.jpg;6.146552;3.233677e+00;1.209906;3.694468e+00;5.678821;2.503012e+00;0.263308;1.891427e-01;0.120708;0
717/551/717.jpg;5.218225;4.298000e+00;2.648350;4.016139e+00;5.630002;2.492000e+00;0.002056;3.420489e-03;0.029196;0
717/552/717.jpg;3.944580;-2.893633e-01;1.123265;4.222430e+00;6.294485;2.452738e+00;0.260055;2.406032e-01;0.204015;0
717/553/717.jpg;8.765668;2.437570e-01;0.510112;4.430809e+00;2.868364;1.042925e+00;0.165794;1.069523e-01;0.074876;0
717/554/717.jpg;6.235788;-6.678713e-01;3.362659;3.777531e+00;3.708888;2.077173e+00;0.100128;4.225628e-02;0.040463;0
718/555/718.jpg;3.998542;-8.277708e-01;1.781266;8.620992e+00;8.298203;6.282856e+00;0.144292;1.002483e-01;0.073524;0
718/556/718.jpg;6.318998;-1.291695e+00;3.944662;5.804667e+00;5.324247;4.366746e+00;0.022007;1.453903e-02;0.033297;0
718/557/718.jpg;6.401490;9.045923e-01;1.516247;6.297503e+00;6.490878;4.261658e+00;0.144025;1.127210e-01;0.086577;0
719/558/719.jpg;5.849020;2.405337e+00;0.557107;4.440679e+00;6.764684;3.137845e+00;-0.003040;2.724089e-03;0.029072;0
719/559/719.jpg;8.525975;-4.321191e-01;4.340579;4.144230e+00;4.790310;3.176481e+00;0.142201;1.306984e-01;0.097932;0
719/560/719.jpg;8.068060;-1.515285e+00;1.167475;1.708048e+00;1.885242;8.206928e-01;0.032768;1.910359e-02;0.034534;0
720/561/720.jpg;5.796519;2.151406e+00;0.215087;5.438573e+00;6.760918;3.990724e+00;-0.007350;-6.094742e-04;0.027734;0
720/562/720.jpg;7.539780;-1.808275e+00;1.176748;4.161978e+00;4.948472;3.070714e+00;-0.004972;-5.262086e-03;0.025301;0
721/563/721.jpg;2.747017;-7.188099e-01;-0.606625;2.041113e+00;1.907579;6.918592e-01;-0.025977;-6.308544e-03;0.027302;0
721/564/721.jpg;5.485747;4.169485e+00;2.898558;4.349573e+00;6.499877;2.563287e+00;0.324040;2.784386e-01;0.194545;0
721/565/721.jpg;8.102830;2.649051e-01;0.164506;5.155704e+00;3.482853;1.288463e+00;0.207624;2.162418e-01;0.189651;0
721/566/721.jpg;6.715380;-5.967776e-01;3.863889;2.131351e+00;2.553933;1.369568e+00;0.006622;2.259189e-02;0.039810;0
721/567/721.jpg;4.770168;-5.156481e-01;1.735863;2.926833e+00;2.496938;9.225619e-01;0.065506;5.503124e-02;0.057363;0
811/568/811.jpg;1.741140;2.283726e+00;-0.506385;1.468174e+00;1.479872;9.072955e-01;0.371457;4.573123e-01;0.436896;0
811/569/811.jpg;7.623767;-1.690685e+00;-1.951523;6.028693e-01;0.623358;3.330938e-01;-0.001232;8.705505e-03;0.032376;0
811/570/811.jpg;4.149380;-9.971301e-01;-0.337546;6.269548e+00;6.659677;2.845726e+00;0.294530;2.569615e-01;0.182595;0
811/571/811.jpg;8.450298;-7.538926e-02;0.407807;2.792408e+00;3.126605;1.638692e+00;0.075227;6.383439e-02;0.058754;0
812/572/812.jpg;7.923272;-7.197387e-01;-0.811096;3.187646e+00;2.758600;2.000284e+00;0.081350;5.712187e-02;0.053993;0
812/573/812.jpg;2.347738;4.317975e-01;0.259184;8.103763e+00;7.231737;5.203290e+00;0.021879;2.990977e-02;0.043123;0
812/574/812.jpg;7.439849;-2.507746e+00;-3.121834;3.565120e-01;0.260834;2.140155e-01;-0.013111;-2.906814e-03;0.027078;0
812/575/812.jpg;6.643848;-1.080336e+00;4.341058;5.672040e+00;5.578732;4.116535e+00;-0.016502;-5.225413e-03;0.026087;0
813/576/813.jpg;5.579929;5.407754e-01;1.021558;4.711349e+00;3.984063;2.492136e+00;-0.030315;-1.096027e-02;0.024502;0
813/577/813.jpg;6.546929;5.361498e-02;-1.691093;3.500138e+00;2.859668;2.003362e+00;0.062047;4.931206e-02;0.049328;0
813/578/813.jpg;8.006921;9.593526e-01;1.566753;4.124155e+00;3.419503;2.400405e+00;0.265075;1.445772e-01;0.082518;0
813/579/813.jpg;5.977037;-2.335225e+00;-5.300869;5.190048e-01;0.301071;3.502349e-01;0.053280;5.016275e-02;0.051326;0
814/580/814.jpg;8.822118;-2.248955e-02;0.133098;2.697212e+00;1.660943;1.260802e+00;0.242299;1.328214e-01;0.079449;0
814/581/814.jpg;5.792630;-5.003827e-01;-1.798481;3.739240e+00;3.337088;2.195282e+00;-0.011501;-6.892776e-03;0.025004;0
815/582/815.jpg;4.223089;2.358220e-01;0.881125;5.354124e+00;3.659364;2.764543e+00;0.017104;2.830475e-02;0.044742;0
815/583/815.jpg;8.374338;-6.088547e-02;-0.732373;2.908635e+00;2.166847;1.957994e+00;0.077007;7.034753e-02;0.062028;0
815/584/815.jpg;6.152798;4.411474e-01;0.311429;6.511571e+00;4.518083;3.797982e+00;0.085605;4.407762e-02;0.044341;0
816/585/816.jpg;8.283867;1.121933e-01;-0.814364;1.732302e+00;1.389416;1.192120e+00;-0.029352;-4.005222e-03;0.028355;0
816/586/816.jpg;4.458510;1.268255e-01;1.778139;4.598985e+00;3.619680;2.268958e+00;0.043478;3.390532e-02;0.041975;0
817/587/817.jpg;4.413435;9.861951e-01;0.732444;9.117908e+00;7.581069;5.490355e+00;0.214950;1.521618e-01;0.105792;0
817/588/817.jpg;5.173122;-1.258627e+00;-3.327641;5.253344e+00;3.429340;2.932470e+00;0.522708;6.694438e-01;0.746000;0
817/589/817.jpg;7.270261;5.243211e-01;0.251404;6.562680e+00;4.903700;3.564303e+00;0.003847;1.417075e-02;0.036226;0
817/590/817.jpg;4.170481;-2.771918e+00;-5.356511;4.050951e-01;0.254170;2.597193e-01;0.102478;1.020411e-01;0.082294;0
817/591/817.jpg;1.865763;3.577208e+00;0.492331;2.651235e+00;2.308465;1.596818e+00;0.160817;1.385161e-01;0.104824;0
818/592/818.jpg;2.215716;1.443079e+00;-0.259746;3.038217e+00;2.710889;1.426095e+00;0.249885;2.063863e-01;0.152081;0
818/593/818.jpg;7.880711;-2.361933e+00;-2.150301;2.589185e+00;2.333277;1.648894e+00;0.057609;3.415294e-02;0.039950;0
818/594/818.jpg;6.430125;-8.819232e-01;1.401125;6.818604e+00;6.352764;4.292631e+00;0.214904;1.226854e-01;0.080861;0
818/595/818.jpg;8.894538;-1.025623e+00;-0.590211;2.542171e+00;2.248114;1.567937e+00;0.036435;3.014014e-02;0.043043;0
818/596/818.jpg;3.976849;-1.508653e+00;-0.622617;5.310586e+00;4.627907;3.129819e+00;0.329221;2.403075e-01;0.162982;0
819/597/819.jpg;5.050997;-4.738817e-02;-2.344372;1.042143e+01;8.396842;6.790067e+00;0.154642;9.836002e-02;0.072267;0
819/598/819.jpg;4.826410;-2.828463e+00;-7.098828;6.242470e-01;0.400206;5.143632e-01;0.102392;7.329525e-02;0.059966;0
819/599/819.jpg;6.729920;3.446762e-01;-0.399711;1.246737e+01;10.068140;7.838608e+00;0.021425;1.839283e-02;0.036017;0
820/600/820.jpg;3.392428;-1.054598e-01;-1.179104;4.709380e+00;4.326787;3.064751e+00;-0.002542;7.492153e-03;0.032310;0
820/601/820.jpg;7.479056;6.226029e-03;-1.142943;7.174649e-01;0.615706;3.745610e-01;-0.044316;-2.043618e-02;0.021091;0
820/602/820.jpg;5.463504;-9.756870e-02;3.048336;8.397035e+00;4.696267;4.119363e+00;0.052343;5.274004e-02;0.053300;0
821/603/821.jpg;5.142563;2.331059e-01;0.006033;6.493498e+00;7.374797;4.796350e+00;0.008943;1.590560e-02;0.036611;0
821/604/821.jpg;8.299965;3.223285e-02;-0.555136;2.331941e+00;2.031841;1.340223e+00;0.116565;6.980387e-02;0.059536;0
821/605/821.jpg;5.338911;-7.640262e-01;-2.319463;1.649558e+00;1.395391;8.060029e-01;0.053006;3.283129e-02;0.042679;0
911/606/911.jpg;4.530184;1.144763e+00;1.294763;7.416896e+00;7.633707;5.172694e+00;0.246738;1.739123e-01;0.114721;0
911/607/911.jpg;5.148677;3.851408e+00;2.119988;7.237024e+00;7.186096;5.069265e+00;0.114186;5.766781e-02;0.048325;0
911/608/911.jpg;4.165363;-1.545018e-02;-2.996088;9.193602e+00;6.540657;4.289693e+00;0.673623;6.018090e-01;0.436202;0
911/609/911.jpg;7.769981;3.328305e-01;1.080491;9.063462e+00;7.264914;4.714611e+00;0.635804;5.123972e-01;0.330564;0
911/610/911.jpg;5.662180;-2.470875e+00;3.731861;7.262459e+00;7.169508;5.072830e+00;0.111771;4.817442e-02;0.042624;0
911/611/911.jpg;7.622961;2.354793e+00;4.464486;4.254039e+00;4.225082;2.549362e+00;0.545330;4.115550e-01;0.257382;0
911/612/911.jpg;6.537926;-5.010026e+00;-0.801241;2.302578e+00;1.801668;9.651192e-01;0.171100;1.392114e-01;0.131748;0
911/613/911.jpg;9.035708;-5.114890e-02;-0.083626;2.947166e+00;2.648484;1.869531e+00;0.330107;1.877539e-01;0.106311;0
912/614/912.jpg;3.228229;-9.837362e-01;0.949378;4.363602e+00;7.537177;2.746183e+00;0.159009;1.891991e-01;0.181766;0
912/615/912.jpg;6.348971;5.395415e+00;-0.609731;3.190896e+00;3.480577;2.065806e+00;0.099615;1.210883e-01;0.143386;0
912/616/912.jpg;7.376632;3.716628e+00;-0.483194;1.397722e+00;1.203539;6.873071e-01;0.091416;8.896647e-02;0.092336;0
912/617/912.jpg;7.356406;2.279524e+00;3.613961;3.306506e+00;3.414901;1.759957e+00;0.265214;1.806247e-01;0.112351;0
912/618/912.jpg;5.221672;-8.238268e-01;4.018665;7.633868e+00;7.139257;4.711425e+00;0.074163;6.732765e-02;0.069015;0
912/619/912.jpg;5.135008;7.244080e+00;2.836603;3.974008e+00;4.590331;2.090378e+00;0.351967;2.510219e-01;0.159817;0
912/620/912.jpg;8.664525;1.038208e+00;0.666268;8.744593e-01;1.107094;3.657183e-01;0.002541;4.030049e-03;0.029595;0
912/621/912.jpg;6.801343;5.166660e+00;4.714833;2.863641e+00;2.875092;1.570933e+00;0.008082;1.476102e-02;0.035502;0
912/622/912.jpg;6.304450;4.810046e-01;-0.812222;4.841228e+00;6.647035;2.086257e+00;0.199219;2.170938e-01;0.228816;0
913/623/913.jpg;5.278120;1.323088e-02;2.257918;1.020793e+01;10.874763;6.613507e+00;0.250239;1.742809e-01;0.114849;0
913/624/913.jpg;7.436018;2.430882e+00;3.417961;6.485525e+00;6.189220;3.660975e+00;0.226497;1.981263e-01;0.166158;0
913/625/913.jpg;5.152069;5.839441e+00;2.531325;8.448234e+00;9.773012;6.252918e+00;-0.031604;-1.175456e-02;0.024232;0
913/626/913.jpg;8.926146;3.522331e-01;0.359767;1.805611e+00;1.902033;1.270532e+00;0.004465;2.182224e-03;0.028541;0
914/627/914.jpg;2.614478;-3.049460e-01;1.276709;5.255361e+00;6.515206;4.218586e+00;1.047909;1.441019e+00;1.851637;0
914/628/914.jpg;7.081305;2.342432e+00;2.381474;6.121053e+00;6.567038;5.004745e+00;0.227069;1.425363e-01;0.091060;0
914/629/914.jpg;6.118621;3.673141e+00;3.410889;4.662254e+00;4.379453;3.132992e+00;0.142240;8.713472e-02;0.063566;0
914/630/914.jpg;8.252231;2.455623e+00;4.527766;3.432491e+00;3.325666;2.137257e+00;0.316626;1.721698e-01;0.094056;0
914/631/914.jpg;4.392045;4.634946e+00;2.388251;6.689720e+00;5.857920;3.714401e+00;0.402776;2.985822e-01;0.194379;0
914/632/914.jpg;8.335063;1.541348e+00;1.010940;3.081276e+00;2.887061;2.423797e+00;0.461931;3.260550e-01;0.201808;0
915/633/915.jpg;3.982848;1.038227e+00;0.391672;5.694796e+00;4.626646;2.845320e+00;0.484303;3.358153e-01;0.193936;0
915/634/915.jpg;6.656319;3.254013e-01;-0.025132;3.191856e+00;2.787155;1.531389e+00;0.312274;2.041070e-01;0.138708;0
915/635/915.jpg;6.027522;3.391162e+00;1.810151;4.725398e+00;4.563577;2.496667e+00;0.028006;1.540570e-02;0.033051;0
915/636/915.jpg;8.222596;4.795013e-01;0.801796;3.018513e+00;2.287414;1.426097e+00;0.058604;2.723158e-02;0.037219;0
916/637/916.jpg;3.023414;7.181219e-01;0.419491;7.627350e+00;5.612101;3.891481e+00;0.317534;2.206881e-01;0.148284;0
916/638/916.jpg;6.338250;4.034718e+00;3.408168;6.831798e+00;6.501978;4.116385e+00;0.092677;4.775791e-02;0.044189;0
916/639/916.jpg;5.804461;1.343432e-01;-0.287854;2.607306e+00;2.379435;1.403992e+00;0.150657;7.529803e-02;0.055257;0
916/640/916.jpg;8.522746;1.450957e+00;2.731120;5.158427e+00;4.824412;3.008521e+00;0.021677;1.044976e-02;0.030760;0
916/641/916.jpg;4.518165;1.779427e-03;-1.306703;1.474716e+01;7.447893;7.579809e+00;0.063894;6.022560e-02;0.056580;0
917/642/917.jpg;4.538274;-2.335149e-02;1.651964;1.093744e+01;8.688754;5.767993e+00;0.223711;1.420756e-01;0.092698;0
917/643/917.jpg;4.368555;6.239922e+00;0.294190;7.006930e+00;6.086449;3.800044e+00;0.309766;1.791035e-01;0.100611;0
917/644/917.jpg;8.009995;1.125329e+00;0.633925;4.471246e+00;3.960047;2.545936e+00;0.288881;1.503673e-01;0.084173;0
917/645/917.jpg;6.351597;3.372161e+00;2.342350;6.952524e+00;6.272326;4.035614e+00;0.030588;2.566006e-02;0.038861;0
917/646/917.jpg;6.096133;1.618151e+00;1.185531;2.511893e+00;2.477125;1.280043e+00;0.147513;9.974397e-02;0.077795;0
918/647/918.jpg;1.612711;1.046769e-02;0.477745;3.545394e+00;3.231288;2.750781e+00;0.424805;2.937341e-01;0.174483;0
918/648/918.jpg;5.538241;-1.692708e+00;3.928826;7.048978e+00;6.361449;4.345322e+00;0.187175;1.794931e-01;0.160079;0
918/649/918.jpg;4.332813;-1.624609e+00;-3.693973;3.424846e+00;4.214826;2.065325e+00;0.632977;8.106074e-01;1.119436;0
918/650/918.jpg;4.889315;4.195066e+00;2.703464;7.168160e+00;6.528726;3.804553e+00;0.261075;1.992999e-01;0.133207;0
918/651/918.jpg;4.729076;-1.479498e-01;0.076553;1.405653e+01;12.104587;7.588409e+00;2.341936;4.973459e+00;9.184115;0
918/652/918.jpg;8.111909;7.778918e-01;1.114635;8.157357e+00;6.384233;3.900297e+00;0.431753;3.304665e-01;0.222157;0
918/653/918.jpg;7.469359;-3.275271e-01;-0.772349;1.073699e+01;8.246054;5.399843e+00;0.665535;5.622148e-01;0.387898;0
918/654/918.jpg;7.122875;2.956786e+00;4.188625;5.105089e+00;5.264326;3.165549e+00;0.117249;7.094996e-02;0.056347;0
918/655/918.jpg;2.424669;2.270716e-01;0.725289;1.204320e+01;10.266221;7.506050e+00;0.405307;2.931643e-01;0.181558;0
918/656/918.jpg;7.509040;2.116428e-01;3.649423;4.861905e+00;5.293491;2.986326e+00;0.365745;2.640361e-01;0.174014;0
918/657/918.jpg;6.469137;-2.441814e+00;-3.744967;2.600590e+00;3.250476;1.579934e+00;0.270818;3.574768e-01;0.445871;0
918/658/918.jpg;5.618208;7.187030e+00;2.803902;5.350849e+00;5.407550;3.029196e+00;0.051385;3.417177e-02;0.041527;0
919/659/919.jpg;6.151582;-1.978929e+00;3.546684;9.481726e+00;6.858776;4.772089e+00;0.347290;3.443373e-01;0.281659;0
919/660/919.jpg;4.304486;1.153170e+00;1.725663;1.030535e+01;5.395144;3.680940e+00;0.448625;3.350661e-01;0.235186;0
919/661/919.jpg;7.562196;1.488471e+00;-0.265672;5.571126e+00;3.883638;2.945682e+00;0.934511;9.619094e-01;0.808239;0
919/662/919.jpg;6.679198;2.658367e+00;4.250453;3.887017e+00;3.309319;2.015395e+00;0.308823;2.347198e-01;0.155934;0
919/663/919.jpg;7.795490;1.398450e+00;2.535802;5.070437e+00;4.017816;2.585279e+00;0.143764;7.748567e-02;0.056648;0
919/664/919.jpg;4.129710;4.265108e+00;2.116356;7.412995e+00;5.066321;3.352936e+00;0.381081;3.429278e-01;0.261381;0
919/665/919.jpg;8.679006;-1.999247e-01;0.221436;4.704714e+00;2.908223;2.232647e+00;0.267872;1.552895e-01;0.092015;0
920/666/920.jpg;4.846370;1.854550e+00;-2.133548;4.428599e+00;4.364555;3.858817e+00;2.038951;4.156257e+00;7.237817;0
920/667/920.jpg;4.985285;4.432376e+00;2.267249;5.104558e+00;6.118699;3.660936e+00;1.082716;1.412035e+00;1.647958;0
920/668/920.jpg;8.171033;1.216952e+00;3.155558;2.218652e+00;2.757750;1.291315e+00;0.088088;6.508789e-02;0.058058;0
920/669/920.jpg;5.123920;8.608862e-01;2.397319;6.756106e+00;12.783644;5.468830e+00;0.483214;4.777862e-01;0.429221;0
920/670/920.jpg;5.601651;-1.180620e+00;4.072771;5.207006e+00;6.162312;3.418869e+00;0.313144;2.200190e-01;0.141053;0
920/671/920.jpg;7.211166;2.936681e+00;4.534827;2.810376e+00;2.932720;1.733389e+00;0.355918;2.407796e-01;0.152242;0
920/672/920.jpg;8.850785;4.600284e-01;1.165022;3.188210e+00;4.530826;2.064506e+00;0.223265;1.333591e-01;0.084322;0
920/673/920.jpg;5.041616;9.205967e+00;1.048933;3.924521e+00;3.983718;3.026384e+00;0.662519;6.989241e-01;0.693823;0
920/674/920.jpg;5.368651;-2.690575e+00;-3.196428;4.668060e+00;4.522370;3.455666e+00;0.926759;1.452260e+00;2.449502;0
920/675/920.jpg;6.363464;6.074168e+00;3.597678;3.347890e+00;3.181895;2.490677e+00;0.687864;6.510216e-01;0.514083;0
921/676/921.jpg;3.253185;2.502093e-01;0.541228;3.672230e+00;2.694374;1.948014e+00;0.317229;1.938518e-01;0.112328;0
921/677/921.jpg;3.905170;4.895428e+00;0.298701;5.552715e+00;3.792852;2.881746e+00;0.409141;3.260238e-01;0.242442;0
921/678/921.jpg;7.597452;6.065539e-01;-0.164269;4.835731e+00;3.147970;2.425478e+00;0.478204;3.854603e-01;0.261611;0
921/679/921.jpg;5.156651;8.155351e+00;0.380524;6.680761e+00;4.532523;3.071348e+00;0.615267;5.498353e-01;0.420740;0
921/680/921.jpg;5.370739;9.989608e-01;1.521548;8.805660e+00;9.230524;5.258716e+00;0.463996;3.486934e-01;0.215321;0
921/681/921.jpg;6.361946;5.208099e+00;1.003422;9.851134e+00;6.408500;4.153621e+00;0.253971;1.967397e-01;0.140960;0
921/682/921.jpg;7.766216;2.670543e+00;2.548046;5.798220e+00;4.729701;3.001425e+00;0.031703;2.522184e-02;0.039630;0
921/683/921.jpg;5.156005;1.130989e+01;0.265502;2.405832e+00;1.720074;1.457417e+00;0.407044;3.126527e-01;0.200888;0
922/684/922.jpg;2.956334;6.024274e-01;0.731906;4.145140e+00;3.190502;2.377237e+00;0.901373;8.951329e-01;0.687222;0
922/685/922.jpg;7.262607;1.622209e+00;2.608138;6.052361e+00;5.785229;3.581075e+00;0.354404;2.379379e-01;0.142088;0
922/686/922.jpg;5.144751;4.299281e+00;2.488754;6.395153e+00;5.346126;3.466803e+00;0.182340;1.092167e-01;0.073547;0
922/687/922.jpg;5.916758;-1.494723e+00;3.742777;6.348024e+00;9.450097;4.258160e+00;0.508769;5.501574e-01;0.517404;0
922/688/922.jpg;4.973688;2.116204e+00;2.657716;7.407924e+00;5.969235;3.728449e+00;0.531667;4.104214e-01;0.259096;0
922/689/922.jpg;8.513560;1.055324e+00;1.749712;4.686421e+00;4.372343;2.905879e+00;0.335940;2.121732e-01;0.120886;0
922/690/922.jpg;4.455428;7.921698e+00;0.973836;5.940749e+00;5.142814;3.569799e+00;0.064163;4.098371e-02;0.044091;0
922/691/922.jpg;7.801512;1.631021e+00;4.640173;3.154668e+00;2.564682;1.582345e+00;0.231137;1.457004e-01;0.096382;0
922/692/922.jpg;4.426002;-6.786782e-02;2.171367;9.091221e+00;8.604333;4.948799e+00;0.873286;9.340335e-01;0.819003;0
