DY
779
11
attr0;attr1;attr2;attr3;attr4;attr5;attr6;attr7;attr8;attr9;attr10
10/1/10.jpg;4.341172;2.001338e+00;0.743449;4.005837e+00;4.166342;1.814734e+00;0.393258;3.098684e-01;0.206501;0
10/2/10.jpg;6.793897;1.998718e-01;0.389372;3.082611e+00;3.164081;1.274454e+00;0.369691;2.613573e-01;0.174451;0
10/3/10.jpg;6.730124;3.588253e+00;3.272697;2.223792e+00;2.234794;9.795159e-01;0.222236;1.488565e-01;0.097086;0
10/4/10.jpg;8.981645;1.354628e-01;0.377608;1.493111e+00;1.515786;6.615807e-01;0.314034;1.668340e-01;0.092633;0
10/5/10.jpg;5.068696;7.103896e+00;1.503571;4.552985e+00;4.266126;2.378672e+00;0.625489;6.262805e-01;0.504969;0
10/6/10.jpg;7.469415;2.286296e+00;1.628419;2.378443e+00;2.400872;1.046234e+00;0.191173;1.173418e-01;0.078027;0
11/7/11.jpg;4.277287;4.689561e-01;0.613943;3.829218e+00;4.280950;2.076191e+00;0.551835;4.480687e-01;0.297479;0
11/8/11.jpg;6.148430;2.823883e+00;1.834825;3.671543e+00;4.595876;2.148485e+00;0.018226;1.996711e-02;0.036743;0
11/9/11.jpg;8.507633;3.460268e-01;0.487029;3.631331e+00;3.693452;1.825967e+00;0.087277;3.881406e-02;0.040098;0
11/10/11.jpg;7.196717;-4.244354e-03;3.175476;3.980905e+00;4.152944;2.695538e+00;0.107459;5.590311e-02;0.050790;0
11/11/11.jpg;6.139463;-1.935635e+00;-2.113874;5.152050e+00;6.264494;3.199352e+00;0.417818;4.537610e-01;0.463979;0
12/12/12.jpg;3.070458;1.735570e+00;0.423660;3.280790e+00;2.859869;1.538895e+00;0.699879;5.530864e-01;0.350543;0
12/13/12.jpg;4.208752;4.764065e+00;1.388464;2.976898e+00;2.696478;1.208102e+00;0.748055;6.800181e-01;0.482354;0
12/14/12.jpg;6.556457;-1.055793e-01;1.473031;5.013204e+00;4.516389;2.152134e+00;0.239741;1.714643e-01;0.116809;0
12/15/12.jpg;6.506245;2.953971e+00;1.803496;2.804946e+00;2.764212;1.198258e+00;0.286444;1.768931e-01;0.111828;0
12/16/12.jpg;4.626129;2.768200e-01;0.988008;5.611278e+00;5.604850;2.521682e+00;0.318191;2.055911e-01;0.124551;0
12/17/12.jpg;5.851831;7.798503e+00;2.015901;2.374514e+00;1.839669;1.009266e+00;0.425495;4.173531e-01;0.355199;0
12/18/12.jpg;8.725036;1.778596e-01;0.363308;2.524522e+00;2.729621;1.089540e+00;0.069823;5.167505e-02;0.050939;0
12/19/12.jpg;8.079291;1.777488e+00;5.626493;2.770421e+00;3.154221;1.412014e+00;0.531295;7.044841e-01;0.840945;0
13/20/13.jpg;3.452934;1.171982e+00;0.494124;5.431913e+00;6.666411;3.600644e+00;0.182186;1.042149e-01;0.068190;0
13/21/13.jpg;6.020133;-8.203666e-01;3.465223;5.801769e+00;5.223233;3.878495e+00;0.288207;1.969973e-01;0.126788;0
13/22/13.jpg;4.685978;4.087273e+00;1.409549;6.007638e+00;6.325777;3.411688e+00;0.547859;4.208044e-01;0.260446;0
13/23/13.jpg;6.672411;5.547263e-01;0.572000;5.688335e+00;6.526953;3.126236e+00;0.467932;3.508618e-01;0.224365;0
13/24/13.jpg;5.202880;-1.094972e-01;-1.725890;7.510449e+00;7.724081;5.071806e+00;0.899642;8.622370e-01;0.676665;0
13/25/13.jpg;7.743559;1.482080e+00;3.784253;3.594025e+00;7.201664;2.544906e+00;0.320360;2.593940e-01;0.185121;0
13/26/13.jpg;6.093806;2.087394e+00;1.727878;5.606160e+00;7.466096;3.375842e+00;0.214567;1.526868e-01;0.102759;0
13/27/13.jpg;8.634097;1.520131e-01;0.008499;3.401042e+00;4.912556;1.937456e+00;0.357002;2.542365e-01;0.174176;0
14/28/14.jpg;5.485362;2.031906e-01;1.043230;3.767905e+00;4.389268;2.378822e+00;0.029648;1.776417e-02;0.035425;0
14/29/14.jpg;8.469798;-1.131120e+00;3.968348;2.440520e+00;2.107135;1.588226e+00;0.080424;8.938587e-02;0.076085;0
14/30/14.jpg;8.086923;-1.359669e-02;0.615293;3.225374e+00;3.198646;1.944569e+00;0.098447;6.338971e-02;0.056544;0
15/31/15.jpg;8.919926;1.046302e-01;0.200767;1.571031e+00;1.823966;7.550588e-01;0.135144;9.104344e-02;0.072400;0
15/32/15.jpg;2.736549;1.023352e+00;0.363933;3.810971e+00;4.126427;2.503738e+00;0.322276;2.183074e-01;0.140314;0
15/33/15.jpg;6.572032;3.548117e+00;2.907658;3.988196e+00;4.972969;1.921679e+00;0.362017;2.761484e-01;0.181403;0
15/34/15.jpg;3.963227;4.464795e+00;1.277031;2.664958e+00;3.019868;1.374934e+00;0.063462;3.836731e-02;0.043399;0
15/35/15.jpg;8.154990;1.286515e+00;2.374962;3.670256e+00;4.103307;1.619318e+00;0.415494;3.337542e-01;0.231120;0
15/36/15.jpg;6.139246;4.835372e-01;1.029645;3.867640e+00;5.932574;2.082515e+00;0.510639;3.660853e-01;0.221251;0
15/37/15.jpg;8.322167;1.754444e+00;5.302768;2.979714e+00;3.717458;1.428645e+00;0.414237;3.659132e-01;0.275558;0
15/38/15.jpg;5.015086;7.839267e+00;1.982241;4.259930e+00;3.763614;2.225267e+00;0.125855;1.245353e-01;0.103773;0
15/39/15.jpg;8.112830;-8.329102e-01;-1.187402;1.453981e+00;1.197117;5.254635e-01;0.246104;2.119143e-01;0.157384;0
15/40/15.jpg;4.609031;1.948647e+00;1.664616;4.655739e+00;6.474328;2.353098e+00;0.319907;2.373611e-01;0.152442;0
16/41/16.jpg;2.843971;1.711387e+00;-0.125999;1.933348e+00;2.247569;9.571156e-01;0.508395;3.810305e-01;0.243559;0
16/42/16.jpg;6.115539;2.188887e+00;0.408784;3.080988e+00;3.189880;1.570591e+00;0.095865;4.350999e-02;0.041279;0
16/43/16.jpg;4.118038;4.611197e+00;0.143053;2.165340e+00;2.298375;1.063726e+00;0.125432;7.579222e-02;0.062874;0
16/44/16.jpg;7.793073;1.260173e+00;0.635394;3.448768e+00;3.424335;2.039784e+00;0.071040;3.495724e-02;0.040021;0
17/45/17.jpg;2.286074;4.381462e-01;-0.290775;1.832877e+00;1.451860;7.376023e-01;0.653207;7.408612e-01;0.630702;0
17/46/17.jpg;6.436765;9.604857e-01;2.313428;5.734824e+00;4.756855;3.111588e+00;0.079890;7.684927e-02;0.069094;0
17/47/17.jpg;5.004466;1.206575e+00;0.105446;4.296575e+00;3.392879;1.827832e+00;0.265573;1.771825e-01;0.111837;0
17/48/17.jpg;8.751783;2.577735e-01;-0.096918;4.166222e+00;3.301560;1.822184e+00;0.207253;1.554627e-01;0.125628;0
17/49/17.jpg;3.578991;1.769062e+00;-0.195041;3.272232e+00;2.471763;1.287592e+00;0.271518;1.919501e-01;0.139372;0
17/50/17.jpg;6.398452;3.320367e+00;2.327582;4.413587e+00;3.504158;2.214370e+00;0.029685;2.537798e-02;0.039780;0
18/51/18.jpg;2.652468;3.853392e-01;0.102375;7.663729e-01;0.955283;4.768409e-01;0.360089;1.855231e-01;0.094318;0
18/52/18.jpg;7.149553;1.581232e+00;1.597894;4.414310e+00;4.202985;2.619832e+00;0.167221;1.220241e-01;0.090721;0
18/53/18.jpg;5.067649;4.189656e+00;2.110585;4.943618e+00;5.116160;3.133771e+00;0.097703;9.541015e-02;0.087021;0
18/54/18.jpg;5.490569;1.251936e+01;-0.042244;7.475005e-01;1.200274;4.134288e-01;-0.014647;9.534235e-05;0.029091;0
18/55/18.jpg;3.698359;2.094772e+00;0.747116;3.182063e+00;3.568270;2.108906e+00;0.195092;1.135815e-01;0.073610;0
18/56/18.jpg;8.175092;9.715459e-02;-0.480783;3.351665e+00;3.240153;2.313090e+00;0.509107;3.913212e-01;0.253508;0
19/57/19.jpg;4.601243;6.088675e-01;1.007299;6.491596e+00;7.623195;4.097792e+00;0.092133;8.151878e-02;0.085811;0
19/58/19.jpg;7.398373;2.451776e+00;2.204444;4.772913e+00;3.997988;2.511432e+00;0.091824;6.424388e-02;0.058083;0
19/59/19.jpg;6.505569;7.052152e-01;0.762213;4.950770e+00;5.882001;3.298324e+00;0.017890;1.308737e-02;0.032923;0
19/60/19.jpg;8.592185;4.469615e-01;0.299522;5.040338e+00;5.649112;3.188613e+00;0.188639;1.728003e-01;0.159991;0
20/61/20.jpg;3.219440;9.999077e-01;0.037758;1.995775e+00;2.297557;8.566367e-01;0.445174;2.736896e-01;0.150334;0
20/62/20.jpg;7.417047;1.000026e+00;0.313965;2.663903e+00;2.113797;9.478666e-01;0.047795;2.174690e-02;0.034710;0
20/63/20.jpg;5.198899;2.585825e+00;0.761735;3.438097e+00;3.195993;1.307805e+00;0.134754;7.939953e-02;0.061240;0
111/64/111.jpg;3.096902;2.968750e-01;-0.582122;6.902436e+00;9.136943;5.354559e+00;0.186745;1.291892e-01;0.091039;0
111/65/111.jpg;5.709996;-1.940622e+00;-4.586869;2.155987e+00;2.874905;1.704083e+00;0.294669;1.723501e-01;0.104313;0
111/66/111.jpg;6.191988;7.595146e-01;2.886436;5.339481e+00;4.908550;3.466440e+00;0.468310;3.028304e-01;0.166899;0
111/67/111.jpg;7.200215;-2.311490e+00;-2.321146;2.265244e+00;1.864555;1.194128e+00;0.184730;1.430907e-01;0.113162;0
111/68/111.jpg;4.663533;-1.371850e+00;1.830450;7.004632e+00;6.983248;4.896990e+00;0.261676;1.503575e-01;0.091565;0
111/69/111.jpg;4.858801;-3.082875e+00;-7.428027;8.799573e-01;0.789467;5.875730e-01;0.100731;6.848061e-02;0.061554;0
111/70/111.jpg;8.096373;2.385902e-01;0.063655;3.533962e+00;2.583593;1.557323e+00;0.140711;1.300311e-01;0.099880;0
111/71/111.jpg;6.494500;-4.447800e+00;-4.855679;1.078012e+00;0.991193;5.928313e-01;0.079888;5.985795e-02;0.057013;0
112/72/112.jpg;5.220566;1.650023e+00;0.469287;3.568607e+00;3.534052;2.313731e+00;-0.022842;-1.044262e-02;0.024146;0
112/73/112.jpg;7.523098;-2.511753e+00;-3.097694;1.535098e+00;0.822219;5.795395e-01;-0.022851;-1.769902e-03;0.031089;0
112/74/112.jpg;8.099583;3.893589e-01;0.573160;2.737932e+00;3.385301;1.875263e+00;0.124928;8.653780e-02;0.070707;0
112/75/112.jpg;5.739388;-3.831227e+00;-7.262255;3.735043e-01;0.167721;1.607897e-01;0.013799;2.619154e-02;0.044842;0
113/76/113.jpg;7.180116;-9.148952e-01;-1.533896;3.885069e+00;1.886271;1.535489e+00;-0.034964;-1.306056e-02;0.023916;0
113/77/113.jpg;4.264223;3.312625e-01;-0.218400;1.573128e+01;14.563078;1.211541e+01;0.131207;1.506356e-01;0.119301;0
114/78/114.jpg;2.527330;3.428482e-01;0.122438;1.104880e+01;10.774927;8.343465e+00;0.423742;4.257511e-01;0.332174;0
114/79/114.jpg;4.759079;-1.167002e+00;0.906879;9.819551e+00;9.551651;7.325990e+00;0.168200;1.310230e-01;0.095176;0
114/80/114.jpg;4.918521;-1.950229e+00;-5.029636;3.113555e+00;3.191190;2.326051e+00;0.099973;1.161171e-01;0.096838;0
114/81/114.jpg;8.697565;-4.596199e-01;-0.410026;3.346704e+00;2.202840;1.617530e+00;0.329604;1.887251e-01;0.109498;0
114/82/114.jpg;4.777909;1.860064e+00;0.656292;8.640990e+00;9.152690;6.364716e+00;0.221532;1.833179e-01;0.140985;0
114/83/114.jpg;6.360887;5.711562e-02;1.236145;8.296503e+00;7.583548;5.850408e+00;0.143272;7.556026e-02;0.058472;0
115/84/115.jpg;6.827257;-3.037098e+00;-1.303042;1.071741e+00;0.843471;6.175648e-01;0.349445;3.142011e-01;0.237743;0
115/85/115.jpg;4.144579;-2.614922e+00;1.702929;6.075714e+00;5.682151;3.965513e+00;0.183725;1.499819e-01;0.108371;0
115/86/115.jpg;8.480419;3.055888e-01;0.398486;2.585256e+00;2.050471;1.215479e+00;0.045349;5.604919e-02;0.057670;0
115/87/115.jpg;5.910554;-1.673598e+00;0.587382;7.208128e+00;6.576892;4.495394e+00;0.105446;8.955456e-02;0.075330;0
115/88/115.jpg;7.973801;-1.204902e+00;-0.306086;1.220405e+00;0.917388;6.484861e-01;0.176498;1.507198e-01;0.108369;0
116/89/116.jpg;3.222643;8.493897e-01;-1.165046;9.741668e+00;8.034293;4.654120e+00;1.113317;1.472030e+00;1.876231;0
116/90/116.jpg;5.863952;2.444930e+00;1.405627;9.945318e+00;7.264726;4.623150e+00;0.175942;1.032033e-01;0.075855;0
116/91/116.jpg;5.160903;-6.265762e-01;-3.600489;2.936981e+00;1.377133;1.179357e+00;0.046354;2.594767e-02;0.038930;0
116/92/116.jpg;7.568899;1.207121e+00;0.696884;6.301343e+00;5.342369;3.119896e+00;0.080163;3.746304e-02;0.039919;0
116/93/116.jpg;5.685001;7.597795e-01;-0.488837;6.042139e+00;5.013737;3.020382e+00;0.328640;2.715961e-01;0.197953;0
116/94/116.jpg;5.795223;5.579824e+00;2.034054;6.417452e+00;4.255809;2.918794e+00;0.109447;7.009104e-02;0.059555;0
117/95/117.jpg;4.936121;8.249152e-01;0.455641;1.633459e+01;10.999341;8.135008e+00;0.304132;2.680745e-01;0.202807;0
117/96/117.jpg;8.355097;-1.039659e+00;-0.938435;1.917125e+00;1.070325;8.014292e-01;-0.012552;4.164801e-03;0.031104;0
117/97/117.jpg;7.991980;2.869203e-01;0.362469;6.399110e+00;4.510812;3.379432e+00;0.064310;4.903634e-02;0.050016;0
118/98/118.jpg;5.987033;-4.444629e-01;-1.314140;3.487551e+00;2.008303;1.589741e+00;0.022817;1.727348e-02;0.035843;0
118/99/118.jpg;8.309040;-1.392022e-01;-1.196548;1.893522e+00;1.078035;7.784953e-01;0.090933;6.715091e-02;0.057106;0
118/100/118.jpg;6.794083;8.698886e-01;0.519459;1.021177e+01;6.871144;4.444272e+00;0.050492;3.297924e-02;0.043366;0
119/101/119.jpg;4.179602;-1.837957e+00;-0.552688;8.009182e+00;6.280694;4.269761e+00;0.016172;2.413720e-02;0.040638;0
119/102/119.jpg;8.480786;4.209559e-01;1.164350;3.733732e+00;3.239858;2.129822e+00;-0.000910;1.570729e-02;0.036512;0
119/103/119.jpg;7.105194;-2.219157e+00;-2.826632;1.136195e+00;0.818003;7.158900e-01;0.113686;8.707774e-02;0.074603;0
120/104/120.jpg;7.923591;2.341832e-01;0.270852;2.635477e+00;1.745270;1.266431e+00;0.003853;-5.264457e-04;0.026800;0
120/105/120.jpg;5.856721;-9.569935e-01;-1.097753;3.663702e+00;2.236725;1.558596e+00;0.193295;1.300866e-01;0.086530;0
121/106/121.jpg;7.665131;4.445796e-01;0.166667;6.520916e+00;5.532037;3.187847e+00;0.070593;6.356571e-02;0.057776;0
121/107/121.jpg;5.204219;1.915183e-01;-1.932586;2.639944e+00;1.401789;1.020695e+00;-0.016948;-3.363935e-03;0.027367;0
211/108/211.jpg;2.677798;1.577340e-01;0.276441;7.393935e+00;7.402224;4.837366e+00;0.197275;1.318526e-01;0.090618;0
211/109/211.jpg;6.103784;5.257706e-01;0.583087;1.331161e+01;10.124244;6.420898e+00;0.161429;9.718946e-02;0.070145;0
211/110/211.jpg;4.920574;-2.107607e+00;-5.227414;1.856341e+00;1.265835;8.888363e-01;0.388669;2.989391e-01;0.199843;0
211/111/211.jpg;8.581788;3.772161e-01;0.189341;6.502512e+00;5.646015;3.619204e+00;0.108396;5.377940e-02;0.047386;0
212/112/212.jpg;2.366602;1.257314e-01;-0.030838;4.926803e+00;4.559725;2.700511e+00;0.024967;4.899422e-02;0.072642;0
212/113/212.jpg;7.267903;8.469885e-01;2.262241;8.484489e+00;7.586841;5.536445e+00;0.143428;8.698598e-02;0.064312;0
212/114/212.jpg;5.180759;3.072281e-01;1.616487;1.022637e+01;10.744208;6.959258e+00;0.076120;4.147903e-02;0.043314;0
212/115/212.jpg;8.096215;2.282580e-01;0.368827;3.996726e+00;4.787529;2.488595e+00;0.258192;1.414410e-01;0.089225;0
213/116/213.jpg;4.207218;-6.730218e-03;0.155325;1.031603e+01;10.858989;5.613572e+00;0.249349;1.958840e-01;0.155886;0
213/117/213.jpg;4.869938;-2.358108e+00;-4.409903;5.044448e-01;0.526313;3.264709e-01;-0.018752;-1.153644e-02;0.023150;0
213/118/213.jpg;7.817220;2.527941e-01;0.412270;5.818569e+00;7.823893;3.079062e+00;0.083224;6.597347e-02;0.065537;0
214/119/214.jpg;3.731285;-9.695281e-02;-0.016667;6.103780e+00;9.450911;3.760695e+00;0.153081;9.276178e-02;0.065953;0
214/120/214.jpg;6.282454;-2.022632e+00;-4.623489;6.801391e-01;1.097381;4.486316e-01;0.045784;2.688882e-02;0.037978;0
214/121/214.jpg;7.703954;2.330054e-01;0.151143;5.162577e+00;11.219805;3.652622e+00;0.170283;9.893342e-02;0.068550;0
215/122/215.jpg;3.102554;-1.016584e-01;0.663007;7.686725e+00;7.764263;5.175036e+00;0.025648;2.254780e-02;0.038637;0
215/123/215.jpg;6.326855;-2.234526e+00;-4.733823;3.208241e-01;0.247632;1.991822e-01;-0.015840;2.030042e-04;0.029073;0
215/124/215.jpg;7.512321;6.104655e-01;1.076098;6.943059e+00;7.780923;3.623461e+00;0.040732;2.167632e-02;0.034912;0
215/125/215.jpg;7.670124;-1.613698e+00;-3.343858;9.557828e-01;0.788125;6.059001e-01;-0.026059;-6.995748e-03;0.026891;0
216/126/216.jpg;3.603090;2.066734e-01;0.516447;1.045937e+01;7.239452;4.827522e+00;0.104016;6.850357e-02;0.055974;0
216/127/216.jpg;8.221042;3.572654e-01;0.308482;8.804535e+00;5.283020;3.511344e+00;0.048955;2.349958e-02;0.035731;0
216/128/216.jpg;4.557252;-2.009794e+00;-5.373714;1.571602e+00;0.426489;4.785247e-01;0.192035;2.184299e-01;0.167872;0
217/129/217.jpg;3.157218;3.776099e-01;0.580017;7.540562e+00;7.017718;4.470559e+00;0.148181;6.908742e-02;0.049380;0
217/130/217.jpg;8.952291;-5.970781e-01;-0.761057;2.082738e+00;1.355621;1.089799e+00;0.127457;1.206408e-01;0.118580;0
217/131/217.jpg;7.275542;9.489676e-01;1.573079;7.261882e+00;6.487664;4.339422e+00;0.020934;7.619006e-03;0.029262;0
218/132/218.jpg;2.718416;1.483691e-01;-0.465762;5.865733e+00;5.450168;2.922649e+00;0.036530;6.142534e-02;0.099491;0
218/133/218.jpg;5.831070;9.579075e-01;1.325649;1.489361e+01;8.532623;5.266077e+00;0.288951;2.052106e-01;0.137122;0
218/134/218.jpg;7.802056;-6.133798e-01;-2.229334;1.530753e+00;1.460819;9.562808e-01;0.065406;7.109593e-02;0.064735;0
218/135/218.jpg;8.346156;1.460050e+00;6.022610;4.119296e+00;3.864201;2.005723e+00;0.049437;5.544637e-02;0.056383;0
218/136/218.jpg;4.044001;1.338635e+00;1.127773;1.761403e+01;7.736619;5.129736e+00;0.281575;2.473024e-01;0.176817;0
218/137/218.jpg;7.581718;5.519218e-01;0.598670;9.562100e+00;7.833992;4.696074e+00;0.189687;1.489819e-01;0.113902;0
219/138/219.jpg;3.699378;1.366361e-01;0.597922;7.508894e+00;7.037473;3.544206e+00;0.097556;6.438819e-02;0.062802;0
219/139/219.jpg;8.033778;-9.717215e-01;-2.732911;7.117477e-01;0.446180;3.527199e-01;0.007866;2.224650e-02;0.042076;0
219/140/219.jpg;7.488852;8.931262e-01;1.157024;7.274471e+00;7.103410;3.369033e+00;-0.015698;-3.494709e-05;0.029618;0
220/141/220.jpg;5.234287;4.918800e-01;0.226142;1.049562e+01;11.835516;6.938297e+00;0.559734;5.492604e-01;0.469463;0
220/142/220.jpg;5.893045;-1.755734e+00;-5.230071;4.416292e-01;0.615501;2.891694e-01;0.012943;1.725713e-03;0.027666;0
220/143/220.jpg;8.348383;2.370621e-01;-0.425406;4.098935e+00;4.725175;2.736137e+00;0.120133;6.887794e-02;0.058855;0
221/144/221.jpg;7.959332;1.597813e-01;0.564302;7.823063e+00;7.721041;5.138330e+00;-0.045273;-2.006440e-02;0.021341;0
221/145/221.jpg;4.206823;-2.019425e-01;0.010352;1.205378e+01;12.765815;7.991978e+00;0.031482;2.366598e-02;0.037446;0
311/146/311.jpg;2.169912;-1.734838e-01;-0.129818;8.594400e+00;6.407969;3.770914e+00;0.702997;7.277999e-01;0.660828;0
311/147/311.jpg;4.477755;3.584587e+00;1.758706;1.051555e+01;11.438701;3.740520e+00;0.376208;3.397114e-01;0.252501;0
311/148/311.jpg;5.270523;-1.300905e+00;-1.404758;8.223299e+00;7.489624;3.666420e+00;0.236105;1.702671e-01;0.116754;0
311/149/311.jpg;6.570406;5.453530e+00;3.722135;6.367920e+00;5.435165;2.338815e+00;0.407461;2.731286e-01;0.162527;0
311/150/311.jpg;5.685714;5.102937e-01;1.367378;5.951676e+00;3.960057;1.848024e+00;0.376923;3.422853e-01;0.267444;0
311/151/311.jpg;8.460780;2.507647e-01;0.494926;9.477535e+00;5.197702;3.365280e+00;0.191154;1.564960e-01;0.110761;0
311/152/311.jpg;7.960385;-1.721394e+00;-2.219271;1.042297e+00;0.639066;4.713512e-01;0.171406;1.395059e-01;0.099569;0
311/153/311.jpg;6.559210;8.145885e+00;4.326794;3.036523e+00;1.829767;1.085766e+00;0.206358;1.691702e-01;0.116713;0
311/154/311.jpg;3.652806;1.035076e-01;1.111671;1.057990e+01;10.462566;4.564695e+00;0.465443;4.890809e-01;0.466883;0
312/155/312.jpg;3.004303;1.330045e+00;-1.685682;9.497935e+00;6.786541;3.886360e+00;0.349188;3.621529e-01;0.308697;0
312/156/312.jpg;6.775938;2.517432e-01;-1.050181;7.163765e+00;5.285456;2.933237e+00;0.474498;3.142203e-01;0.178812;0
312/157/312.jpg;4.904661;1.299684e+00;0.612553;1.418598e+01;14.435622;1.008992e+01;0.254967;2.275225e-01;0.222366;0
312/158/312.jpg;4.714660;-1.804259e+00;-5.082736;1.414669e+01;5.589371;3.727945e+00;0.069600;5.479744e-02;0.057910;0
312/159/312.jpg;2.616634;3.087615e+00;0.458127;9.037149e+00;6.747893;4.920210e+00;0.333147;2.363236e-01;0.152199;0
312/160/312.jpg;8.636102;-3.741062e-01;-1.240443;2.567547e+00;1.744186;1.209805e+00;0.086893;4.588899e-02;0.044889;0
312/161/312.jpg;7.053404;2.198627e+00;1.329162;6.621919e+00;3.081441;2.109975e+00;0.998622;1.161290e+00;1.131561;0
312/162/312.jpg;6.927752;-4.624377e+00;-5.266190;3.336625e+00;2.321370;1.302972e+00;0.119025;5.318312e-02;0.047482;0
312/163/312.jpg;4.955023;4.329014e-01;-1.458395;1.132019e+01;11.384182;5.491009e+00;0.291884;1.980648e-01;0.133269;0
313/164/313.jpg;2.010493;1.365731e-01;-0.249881;7.959502e+00;8.253976;3.462485e+00;0.204415;1.796530e-01;0.156943;0
313/165/313.jpg;5.102212;3.550117e+00;0.147939;9.724950e+00;9.664325;4.214320e+00;0.537680;4.712483e-01;0.354596;0
313/166/313.jpg;7.049094;-9.563036e-02;-1.084304;5.182135e+00;2.287178;1.696304e+00;0.294366;2.119936e-01;0.135954;0
313/167/313.jpg;5.218559;1.093286e+01;1.500085;6.407826e+00;4.451324;2.497723e+00;0.731660;6.061150e-01;0.405904;0
313/168/313.jpg;5.031049;2.530692e-01;-0.389297;1.139430e+01;13.085637;5.112402e+00;0.431464;3.884971e-01;0.294704;0
313/169/313.jpg;5.247061;6.979967e+00;0.758837;9.650738e+00;6.433918;3.352160e+00;0.542462;3.992372e-01;0.247473;0
313/170/313.jpg;8.764745;-2.109438e+00;-1.533034;6.932046e-01;0.356417;3.180168e-01;0.068256;6.543420e-02;0.066405;0
313/171/313.jpg;5.192421;1.395935e+01;2.374376;2.181720e+00;1.661435;9.717790e-01;0.111405;6.168894e-02;0.052949;0
313/172/313.jpg;4.988455;-2.135271e+00;-3.577011;6.766121e+00;3.253382;2.364035e+00;0.945133;1.129394e+00;1.043578;0
313/173/313.jpg;8.657346;4.738080e-01;0.156916;6.357832e+00;7.805206;3.067154e+00;0.520506;5.051408e-01;0.389726;0
314/174/314.jpg;2.694788;2.948373e+00;0.237230;6.198016e+00;5.611748;3.059690e+00;0.324194;2.887497e-01;0.215090;0
314/175/314.jpg;4.417850;3.245249e-01;-1.695232;7.336369e+00;6.446786;2.578015e+00;0.280165;1.866260e-01;0.118599;0
314/176/314.jpg;4.227390;-1.742619e+00;-4.426271;5.906671e+00;4.251851;2.158279e+00;0.374739;3.406742e-01;0.260142;0
314/177/314.jpg;8.612483;5.008984e-02;-0.995089;3.110930e+00;1.716016;8.023235e-01;0.165390;1.166092e-01;0.084516;0
314/178/314.jpg;4.904486;1.562909e+00;0.646810;5.084703e+00;4.670357;2.255563e+00;0.183768;1.274847e-01;0.089614;0
314/179/314.jpg;6.953142;9.542046e-01;0.102714;8.278286e+00;9.772624;3.144813e+00;0.268006;2.315363e-01;0.166142;0
315/180/315.jpg;1.705929;-3.331630e-02;-0.816800;9.100296e+00;6.449939;3.747375e+00;0.253927;1.492004e-01;0.092591;0
315/181/315.jpg;4.957093;4.083778e+00;0.846699;1.585439e+01;5.863780;3.402015e+00;0.567528;7.028077e-01;0.844422;0
315/182/315.jpg;6.753352;-1.938878e-01;-1.109170;6.325429e+00;5.252086;3.027156e+00;0.321186;1.909386e-01;0.110664;0
315/183/315.jpg;4.649350;1.278860e+01;2.572616;2.824964e+00;1.240612;8.099062e-01;0.204702;1.876817e-01;0.147861;0
315/184/315.jpg;4.450981;-3.212376e-01;-0.945557;9.677176e+00;10.015778;5.678920e+00;0.143101;9.227506e-02;0.067693;0
315/185/315.jpg;3.935616;8.776826e+00;1.731279;6.455607e+00;2.245622;1.597203e+00;0.528563;8.287948e-01;0.975117;0
315/186/315.jpg;8.801801;3.134563e-01;0.080183;7.537472e+00;4.668260;2.536127e+00;0.186731;1.329519e-01;0.094456;0
316/187/316.jpg;1.304404;2.456075e-01;-0.404264;6.961272e+00;5.828469;3.541831e+00;0.380636;2.784741e-01;0.181519;0
316/188/316.jpg;5.440823;4.380992e+00;0.335641;8.333591e+00;7.551041;3.334833e+00;0.914081;1.109047e+00;1.115413;0
316/189/316.jpg;7.899703;2.267681e-01;-0.069013;5.976737e+00;5.461367;2.450136e+00;0.248174;1.882876e-01;0.142814;0
316/190/316.jpg;5.062898;1.080691e+01;1.682361;6.755490e+00;3.918339;2.230613e+00;0.849701;9.642287e-01;0.914627;0
316/191/316.jpg;5.008318;-1.747885e+00;-2.325188;6.394343e+00;8.642397;3.475546e+00;0.063214;6.541400e-02;0.066820;0
316/192/316.jpg;4.710615;7.642493e+00;1.209902;6.881154e+00;6.427848;3.065709e+00;0.691037;6.885199e-01;0.562173;0
316/193/316.jpg;8.971612;-6.676265e-01;-0.641485;8.843662e-01;0.822347;4.215938e-01;0.130908;1.269671e-01;0.097091;0
316/194/316.jpg;5.061520;1.335132e+01;2.138172;2.698627e+00;1.496250;9.895824e-01;0.237761;1.483373e-01;0.094836;0
316/195/316.jpg;3.385873;-8.227996e-02;-0.931894;1.106033e+01;11.464831;5.071678e+00;0.370152;2.942852e-01;0.207400;0
317/196/317.jpg;1.770314;-3.679523e-02;-0.234286;5.612957e+00;5.430007;3.142891e+00;0.446112;3.608122e-01;0.249871;0
317/197/317.jpg;5.835489;3.391119e+00;0.163036;1.441125e+01;8.473427;5.316620e+00;0.740248;7.185043e-01;0.571442;0
317/198/317.jpg;5.268194;3.056109e-02;1.285458;1.598532e+01;11.248972;9.224635e+00;0.284533;2.390237e-01;0.191652;0
317/199/317.jpg;5.200613;1.016079e+01;0.964087;7.635761e+00;5.893178;3.130346e+00;0.515974;4.073026e-01;0.263462;0
317/200/317.jpg;4.665320;-2.432600e-01;-0.970793;1.187671e+01;9.110785;5.195835e+00;0.523429;4.112582e-01;0.266967;0
317/201/317.jpg;4.417496;6.013475e+00;0.539789;9.016553e+00;7.600777;4.172601e+00;0.643690;7.587973e-01;0.734388;0
317/202/317.jpg;7.037958;-4.117467e-03;-0.682334;7.221583e+00;5.946431;3.265089e+00;0.341424;2.255911e-01;0.133152;0
317/203/317.jpg;5.061826;1.296773e+01;1.412260;2.537752e+00;1.601696;1.195072e+00;0.117008;5.441266e-02;0.046180;0
317/204/317.jpg;2.846563;4.582974e-02;0.269817;1.445197e+01;12.680784;8.636324e+00;0.738107;6.547829e-01;0.462323;0
318/205/318.jpg;1.683338;6.669186e-01;-0.426678;1.015518e+01;9.146734;4.713167e+00;0.389595;3.100683e-01;0.217984;0
318/206/318.jpg;6.436217;1.927276e+00;3.250952;9.724287e+00;9.809664;3.707875e+00;0.638882;5.455911e-01;0.388813;0
318/207/318.jpg;5.765585;-9.712924e-01;-2.476999;5.024593e+00;3.311858;1.826880e+00;0.650201;6.455939e-01;0.579183;0
318/208/318.jpg;4.728189;4.489547e+00;0.730660;8.771274e+00;9.737897;3.916033e+00;0.463136;3.202586e-01;0.188635;0
318/209/318.jpg;5.028961;6.865204e-01;-0.287149;1.113541e+01;14.141671;5.064102e+00;0.633752;5.800480e-01;0.441283;0
318/210/318.jpg;8.917701;1.376003e+00;6.901728;6.369727e+00;3.870995;2.046707e+00;0.164393;9.513929e-02;0.066204;0
318/211/318.jpg;6.903767;3.423349e-01;-0.535598;4.840010e+00;4.344615;1.872837e+00;0.262777;1.299709e-01;0.073860;0
318/212/318.jpg;3.894524;8.925935e+00;1.525380;4.776745e+00;3.700280;2.041723e+00;0.164527;9.920723e-02;0.075516;0
318/213/318.jpg;3.168152;-1.237549e-01;-1.795398;1.269312e+01;9.890901;5.419126e+00;0.324720;2.662176e-01;0.190187;0
318/214/318.jpg;7.271584;4.257313e+00;6.077657;3.717959e+00;4.511008;1.769168e+00;0.105111;6.140551e-02;0.054039;0
318/215/318.jpg;8.756890;-9.402408e-01;-1.137013;5.606102e+00;3.391661;1.857857e+00;0.429784;6.527432e-01;1.283332;0
319/216/319.jpg;2.540827;2.565715e+00;0.299346;8.661738e+00;5.973757;3.618158e+00;0.315229;2.309562e-01;0.161024;0
319/217/319.jpg;6.359398;1.937070e+00;1.156772;8.922098e+00;6.664188;3.427031e+00;0.239385;1.967615e-01;0.134695;0
319/218/319.jpg;5.834401;-1.139825e+00;-0.466714;3.370266e+00;2.393704;1.254069e+00;0.030358;2.438422e-02;0.039033;0
319/219/319.jpg;8.135448;5.892868e-01;-0.001185;5.912891e+00;3.464152;1.793741e+00;0.234979;1.461191e-01;0.096001;0
319/220/319.jpg;4.085694;1.752302e-01;-0.354612;1.138838e+01;9.384020;4.667008e+00;0.271495;2.379408e-01;0.175421;0
320/221/320.jpg;1.542741;1.009414e-01;-0.782065;7.272507e+00;6.717477;3.549485e+00;0.270951;2.213263e-01;0.160558;0
320/222/320.jpg;3.437298;4.465322e+00;0.352676;8.943628e+00;9.053233;3.992973e+00;0.365297;3.109942e-01;0.258485;0
320/223/320.jpg;7.155221;-2.376850e-02;-0.887905;8.321774e+00;5.842966;3.068175e+00;0.588282;4.479942e-01;0.274605;0
320/224/320.jpg;4.971939;8.918026e+00;1.194965;7.163068e+00;7.041937;3.217367e+00;0.520970;4.986595e-01;0.418202;0
320/225/320.jpg;4.882283;2.514124e-02;-0.822793;1.183237e+01;9.257762;4.468462e+00;0.397750;2.879758e-01;0.186632;0
320/226/320.jpg;6.899718;4.762296e+00;0.398904;1.064733e+01;8.194993;4.370054e+00;0.498819;4.677352e-01;0.374588;0
320/227/320.jpg;9.007183;1.500051e-01;-0.214641;4.027624e+00;3.257394;1.737583e+00;0.348068;2.364742e-01;0.143411;0
320/228/320.jpg;5.010413;1.319507e+01;2.029345;2.734770e+00;1.869968;1.189205e+00;0.145545;7.371407e-02;0.055239;0
321/229/321.jpg;2.893667;2.935801e+00;0.327456;8.197428e+00;6.825371;4.011881e+00;0.181017;1.188342e-01;0.086819;0
321/230/321.jpg;8.362990;2.508536e-01;-0.144811;8.425033e+00;6.307880;5.224236e+00;0.402094;3.012971e-01;0.188881;0
321/231/321.jpg;4.451025;2.728995e-01;-1.501201;7.900183e+00;7.663626;4.362064e+00;0.394901;3.043528e-01;0.207359;0
321/232/321.jpg;6.989204;-2.742996e+00;-2.818097;1.374397e+00;1.001204;8.033856e-01;0.209975;1.823225e-01;0.133574;0
321/233/321.jpg;4.466044;5.786598e+00;1.969652;8.664824e+00;6.332143;3.559710e+00;1.987139;4.484895e+00;8.448219;0
321/234/321.jpg;7.897033;4.620581e-01;0.029785;1.435037e+01;19.257334;9.435682e+00;0.118521;6.768430e-02;0.054898;0
321/235/321.jpg;5.446371;1.139697e+00;0.145087;1.169840e+01;15.516268;6.926461e+00;0.294975;2.241294e-01;0.155834;0
411/236/411.jpg;9.457388;2.678082e-02;-0.004348;5.686479e-01;0.471483;3.849680e-01;0.027976;1.830922e-02;0.034678;0
411/237/411.jpg;7.983587;9.085308e-01;1.817071;4.264883e+00;3.776612;2.702384e+00;0.018454;1.745318e-02;0.035941;0
412/238/412.jpg;9.363494;-1.645322e-03;0.109332;5.997277e-01;0.646368;4.007224e-01;0.014562;2.554892e-03;0.027454;0
412/239/412.jpg;6.167837;-5.299345e-01;0.976614;6.630283e+00;8.819705;4.987420e+00;0.025794;3.210874e-02;0.044628;0
413/240/413.jpg;9.412310;1.101655e-01;0.326243;1.245517e+00;0.616939;4.278860e-01;-0.020378;-1.077472e-02;0.023852;0
413/241/413.jpg;6.880737;4.376566e+00;3.596760;8.758766e+00;7.832778;5.108986e+00;0.218239;1.859283e-01;0.137508;0
414/242/414.jpg;9.391001;1.142956e-01;0.379394;7.570345e-01;0.830717;5.890620e-01;0.006825;-2.641687e-05;0.026823;0
414/243/414.jpg;5.428578;8.634003e-02;-0.448430;1.354729e+01;10.673919;7.728029e+00;0.107690;7.947104e-02;0.066449;0
415/244/415.jpg;9.400113;8.740412e-02;0.266936;5.758082e-01;0.480360;3.476362e-01;-0.000801;-2.946336e-03;0.025999;0
415/245/415.jpg;6.565070;5.096676e-01;1.131842;1.159356e+01;7.425500;4.789066e+00;0.110026;8.927516e-02;0.074032;0
416/246/416.jpg;9.450610;6.244289e-02;0.203466;5.840883e-01;0.504177;4.285627e-01;-0.006542;-5.718433e-03;0.025202;0
416/247/416.jpg;6.493182;-1.385483e-01;1.771551;1.649387e+01;10.596081;7.864432e+00;0.135955;1.238902e-01;0.096582;0
417/248/417.jpg;9.416296;1.039216e-01;0.153869;5.274789e-01;0.507170;3.267414e-01;0.010595;4.907008e-04;0.026810;0
417/249/417.jpg;6.683034;1.952738e-01;1.770497;1.143145e+01;7.825807;5.200791e+00;0.067792;5.098568e-02;0.051732;0
418/250/418.jpg;9.396558;1.086006e-01;0.158720;1.251418e+00;0.445734;3.373628e-01;0.011421;6.822688e-04;0.026860;0
418/251/418.jpg;6.583845;2.128086e+00;2.361718;5.841640e+00;6.366667;3.939668e+00;0.062467;5.697902e-02;0.058358;0
419/252/419.jpg;9.423077;2.076807e-02;0.155091;6.440238e-01;0.621785;4.389383e-01;0.007094;6.265176e-05;0.026839;0
419/253/419.jpg;6.288741;-1.859668e-01;2.268358;1.113179e+01;8.835836;5.567358e+00;0.099147;7.489406e-02;0.063980;0
420/254/420.jpg;9.475206;4.853368e-02;0.027449;4.444054e-01;0.341943;2.886451e-01;-0.004138;-5.272440e-03;0.025241;0
420/255/420.jpg;7.038771;2.717618e-02;3.393053;6.736095e+00;6.289109;4.711979e+00;0.068014;6.251191e-02;0.062611;0
421/256/421.jpg;9.364922;1.911196e-01;0.280938;1.185465e+00;0.425334;3.268768e-01;-0.006878;-5.918189e-03;0.025096;0
421/257/421.jpg;6.758683;2.700181e+00;3.225778;8.235278e+00;7.937821;5.348953e+00;0.066653;6.462845e-02;0.063680;0
500/258/500.jpg;3.184483;-5.817264e-01;0.245270;4.926728e+00;4.559179;2.767057e+00;0.074555;9.776165e-02;0.115368;1
500/259/500.jpg;8.109826;4.775494e-01;2.137925;3.123298e+00;3.069768;1.988383e+00;0.083850;3.586823e-02;0.038767;1
500/260/500.jpg;6.127972;-2.130422e-01;1.746834;5.643081e+00;6.007988;3.245997e+00;0.125369;6.265774e-02;0.050237;1
500/261/500.jpg;8.860807;-1.555598e+00;-0.747042;8.592522e-01;1.078354;5.291737e-01;-0.005536;6.280931e-03;0.031409;1
501/262/501.jpg;3.361427;5.308542e-01;0.490323;5.124876e+00;6.883765;4.153915e+00;0.034636;6.063267e-02;0.089484;1
501/263/501.jpg;6.998276;-1.643934e+00;4.535879;6.219471e+00;5.961159;3.918890e+00;0.285498;2.120570e-01;0.136308;1
501/264/501.jpg;9.003747;-4.529309e-01;-0.003707;2.383977e+00;2.220736;1.521347e+00;0.140439;1.514675e-01;0.120644;1
501/265/501.jpg;8.595919;-2.599172e-01;2.998513;3.608592e+00;4.339302;2.807431e+00;0.136678;9.570926e-02;0.072605;1
501/266/501.jpg;7.766922;1.431486e+00;1.963628;4.240362e+00;4.919317;3.294802e+00;0.063674;3.431077e-02;0.040780;1
502/267/502.jpg;3.496785;-1.023466e-01;0.499526;8.508808e+00;7.923926;5.644066e+00;0.302010;2.319617e-01;0.162526;1
502/268/502.jpg;8.293797;-2.078579e+00;-0.976261;3.592373e+00;3.783470;2.663695e+00;0.033649;2.290263e-02;0.036857;1
502/269/502.jpg;7.635785;6.111619e-01;2.699662;4.845190e+00;4.520253;3.086032e+00;0.035221;1.724731e-02;0.033724;1
502/270/502.jpg;7.694594;-3.588065e+00;-4.040227;8.748419e-01;0.821921;7.808157e-01;0.128645;7.598926e-02;0.057858;1
502/271/502.jpg;5.744063;-1.013206e+00;2.002668;8.718152e+00;9.191076;6.914791e+00;0.128601;7.735024e-02;0.062042;1
503/272/503.jpg;4.667656;-8.267746e-01;1.475280;4.505812e+00;5.412949;2.629128e+00;0.168260;1.130477e-01;0.080697;1
503/273/503.jpg;8.189183;1.717122e+00;4.248801;3.242247e+00;3.523564;2.203287e+00;0.024985;2.926622e-02;0.041822;1
503/274/503.jpg;6.976906;-2.428707e-01;1.921266;3.010884e+00;3.685069;1.693800e+00;0.067086;4.787746e-02;0.049335;1
504/275/504.jpg;5.711985;1.641443e-01;0.061997;5.669138e+00;6.416687;3.934348e+00;0.277478;1.809088e-01;0.111119;1
504/276/504.jpg;7.554786;9.922172e-01;1.615663;4.176521e+00;3.420866;2.617262e+00;-0.016035;-6.903289e-03;0.025421;1
504/277/504.jpg;8.557063;-8.636175e-01;-0.825726;2.336809e+00;2.334723;1.471247e+00;0.278356;2.358261e-01;0.187625;1
505/278/505.jpg;5.095731;4.559756e-01;0.719423;3.670670e+00;4.232591;2.816499e+00;-0.020904;-4.854557e-03;0.026942;1
505/279/505.jpg;7.055378;-1.412419e+00;4.034708;3.861807e+00;3.992001;2.894339e+00;0.033942;3.107318e-02;0.043480;1
505/280/505.jpg;9.405389;-2.098259e-02;-0.092425;5.586846e-01;0.279874;2.353919e-01;0.055004;5.812553e-02;0.057041;1
506/281/506.jpg;6.149280;4.775569e-01;0.934968;3.839639e+00;4.422434;2.498699e+00;0.065674;3.923225e-02;0.044896;1
506/282/506.jpg;8.605977;8.573242e-01;1.295401;2.913195e+00;1.783458;1.230716e+00;0.032440;2.051603e-02;0.036303;1
506/283/506.jpg;8.064330;-7.783030e-01;-1.839923;1.928219e+00;1.843151;8.391372e-01;0.253816;3.117765e-01;0.257882;1
507/284/507.jpg;2.792351;4.063620e-01;0.403601;3.910183e+00;5.445409;3.090688e+00;0.011109;7.113775e-03;0.029910;1
507/285/507.jpg;6.968304;8.290162e-01;2.339508;3.243638e+00;3.773002;2.134723e+00;0.030080;5.606569e-02;0.065461;1
507/286/507.jpg;8.795989;-8.613957e-01;-0.597192;3.912654e-01;0.258953;1.784421e-01;0.045773;4.170720e-02;0.046721;1
507/287/507.jpg;7.458099;-2.231557e-01;4.976089;4.694173e+00;5.003470;3.232048e+00;0.077136;5.712066e-02;0.053022;1
508/288/508.jpg;5.804481;1.656095e+00;1.586041;4.038305e+00;4.577092;2.790364e+00;-0.047209;-1.911484e-02;0.021931;1
508/289/508.jpg;7.184595;6.017753e-01;4.161376;5.364713e+00;5.959973;3.628432e+00;0.500721;3.795626e-01;0.250928;1
508/290/508.jpg;9.233411;-1.478901e-01;-0.285640;6.146476e-01;0.372147;2.643078e-01;0.105915;9.178988e-02;0.072884;1
508/291/508.jpg;8.153609;8.911444e-01;4.973522;4.275292e+00;4.339556;3.167732e+00;0.081807;6.122243e-02;0.056080;1
509/292/509.jpg;3.624075;6.090003e-01;0.806105;4.296044e+00;5.513209;2.973149e+00;0.011060;1.883915e-02;0.037386;1
509/293/509.jpg;7.397638;-3.078597e-01;4.132138;2.625407e+00;3.226445;2.017634e+00;0.074749;2.959566e-02;0.035826;1
509/294/509.jpg;7.931512;4.131306e-01;1.127255;4.399856e+00;3.218337;2.131123e+00;0.216966;1.392415e-01;0.093837;1
510/295/510.jpg;5.985173;9.511292e-02;1.376467;4.459945e+00;4.495115;2.168322e+00;0.163176;1.032288e-01;0.072611;1
510/296/510.jpg;8.252570;1.240193e+00;1.240038;3.166560e+00;2.691372;1.819434e+00;0.022667;9.432317e-03;0.030436;1
510/297/510.jpg;7.715047;-8.642523e-02;-2.262056;1.592295e+00;1.738056;6.373006e-01;0.228163;2.875217e-01;0.267734;1
511/298/511.jpg;5.092940;-7.838572e-01;1.097268;3.808095e+00;4.194348;2.242651e+00;0.101414;6.337252e-02;0.056137;1
511/299/511.jpg;6.574422;-1.740580e+00;4.076464;3.879277e+00;3.578598;2.340347e+00;0.025177;1.640200e-02;0.034459;1
511/300/511.jpg;9.189675;-2.501603e-01;-0.151778;1.619432e+00;1.188635;8.069029e-01;0.163745;1.949547e-01;0.155364;1
512/301/512.jpg;3.966694;1.214125e+00;0.788847;5.957378e+00;8.762082;4.975705e+00;0.206650;1.569495e-01;0.112453;1
512/302/512.jpg;5.939562;-9.654705e-01;2.726358;7.244350e+00;7.339624;5.304550e+00;0.278123;1.763165e-01;0.106201;1
512/303/512.jpg;8.260078;-7.460603e-01;0.273158;6.153775e+00;5.383195;4.007738e+00;0.358667;3.746447e-01;0.321619;1
512/304/512.jpg;7.768098;-8.308032e-01;3.892636;5.014804e+00;5.326336;3.749969e+00;0.117060;6.429730e-02;0.051974;1
512/305/512.jpg;7.105302;1.705217e+00;1.686577;3.922619e+00;5.504291;3.523332e+00;0.030762;2.619231e-02;0.040531;1
513/306/513.jpg;5.680611;-8.069633e-01;1.778860;6.171587e+00;6.247707;3.407707e+00;0.349204;2.400250e-01;0.152337;1
513/307/513.jpg;7.846516;4.692995e-01;2.488237;4.732560e+00;4.139395;2.975297e+00;0.015984;1.159078e-02;0.031795;1
513/308/513.jpg;7.887837;-1.099352e+00;-2.222448;1.523095e+00;1.148671;7.016457e-01;0.232373;1.235352e-01;0.076507;1
514/309/514.jpg;6.047434;-2.074098e+00;1.232677;2.298545e+00;2.673322;1.015205e+00;0.255457;1.979011e-01;0.131234;1
514/310/514.jpg;7.449055;3.247457e-01;1.903964;2.330871e+00;3.223288;1.626650e+00;-0.009271;6.790567e-03;0.033317;1
514/311/514.jpg;7.265700;-1.006380e+00;-0.434078;1.368417e+00;1.679412;5.657095e-01;0.090810;6.403246e-02;0.059316;1
514/312/514.jpg;8.237981;1.348523e+00;3.869995;3.224848e+00;3.985368;2.287146e+00;0.067780;7.577567e-02;0.071539;1
515/313/515.jpg;6.233382;1.260876e+00;2.277925;4.179163e+00;4.539091;2.732494e+00;0.089231;4.245883e-02;0.041907;1
515/314/515.jpg;7.515295;2.468786e+00;4.633450;3.525826e+00;3.489721;2.371705e+00;0.092699;5.462762e-02;0.049014;1
515/315/515.jpg;8.789623;-9.371221e-02;0.021025;3.350309e+00;3.767869;2.315597e+00;0.137095;1.188869e-01;0.089538;1
516/316/516.jpg;3.424785;4.706478e-01;0.288439;3.919691e+00;5.373287;3.018117e+00;0.114643;9.728651e-02;0.087713;1
516/317/516.jpg;8.518796;7.666334e-01;0.242683;2.513551e+00;3.374845;1.624249e+00;0.218316;1.523257e-01;0.101659;1
516/318/516.jpg;5.993540;9.352029e-01;1.106104;3.493812e+00;4.769316;2.410363e+00;0.109361;6.292755e-02;0.051607;1
516/319/516.jpg;8.255520;5.486905e-02;3.530064;4.260662e+00;4.560952;2.781571e+00;0.184848;1.076528e-01;0.077307;1
517/320/517.jpg;4.349382;4.266658e-01;0.834131;3.938390e+00;6.352966;2.534435e+00;0.095785;7.697432e-02;0.064177;1
517/321/517.jpg;8.887814;1.983229e-01;-0.322122;1.476240e+00;1.726493;9.738982e-01;0.069486;5.294241e-02;0.051474;1
517/322/517.jpg;7.943839;8.346123e-01;1.887137;3.747993e+00;4.403620;2.234536e+00;0.107829;6.325892e-02;0.052933;1
518/323/518.jpg;8.178270;9.110665e-01;1.174625;3.221384e+00;3.118128;1.930395e+00;0.042731;1.736480e-02;0.032697;1
518/324/518.jpg;5.434770;7.584646e-01;-0.142986;6.181057e+00;6.944788;3.853941e+00;0.118335;5.182657e-02;0.044860;1
519/325/519.jpg;4.373259;6.472800e-01;0.542810;5.083837e+00;6.090748;2.863663e+00;0.179001;1.242648e-01;0.086535;1
519/326/519.jpg;7.365342;1.282163e+00;1.911143;4.174185e+00;4.468967;2.229042e+00;0.017706;5.686574e-03;0.028936;1
519/327/519.jpg;7.741280;6.023374e-02;-1.088374;2.259231e+00;1.787952;9.787160e-01;0.761435;7.078657e-01;0.531048;1
520/328/520.jpg;3.772476;3.674906e-01;-0.564200;3.434884e+00;4.540909;1.750609e+00;0.368905;2.479817e-01;0.149103;1
520/329/520.jpg;7.934835;1.300633e+00;0.321862;2.958883e+00;3.125150;1.744046e+00;0.005765;1.038895e-02;0.032736;1
520/330/520.jpg;5.613480;-5.650526e-01;0.481438;2.797240e+00;3.094972;1.118977e+00;0.108624;7.437468e-02;0.061666;1
521/331/521.jpg;5.939230;9.818779e-01;1.414926;5.257049e+00;6.563269;3.291469e+00;0.098141;7.385284e-02;0.063668;1
521/332/521.jpg;6.659918;-1.319150e+00;3.951588;3.088067e+00;3.117012;1.902443e+00;0.114836;2.073637e-01;0.260564;1
521/333/521.jpg;8.784950;-2.023718e-01;-1.190590;9.775257e-01;0.913988;5.598091e-01;0.159433;1.858202e-01;0.145397;1
521/334/521.jpg;8.560556;1.145749e+00;1.981534;2.816880e+00;2.392118;1.557435e+00;0.054050;2.046366e-02;0.033566;1
522/335/522.jpg;5.256380;3.642721e-01;0.840379;4.109587e+00;5.114296;3.015620e+00;0.158323;1.103366e-01;0.078651;1
522/336/522.jpg;7.567473;3.559942e-01;3.059956;2.611666e+00;2.285431;1.390013e+00;0.045289;2.152869e-02;0.035146;1
522/337/522.jpg;9.063560;8.356944e-02;-0.066977;1.624598e+00;1.543086;8.085916e-01;0.075400;8.644388e-02;0.077008;1
523/338/523.jpg;4.623449;-5.290493e-02;1.251871;5.269914e+00;7.299461;3.912470e+00;0.053234;2.263380e-02;0.034245;1
523/339/523.jpg;8.233513;1.848964e+00;3.663589;3.702922e+00;3.569072;2.384098e+00;0.027357;2.820118e-02;0.041100;1
523/340/523.jpg;8.775626;-3.094621e-01;-0.589083;4.516586e-01;0.449220;2.516909e-01;0.027337;2.542599e-02;0.038812;1
524/341/524.jpg;3.509126;3.656338e-01;0.763056;4.006972e+00;4.665017;2.561912e+00;0.082656;5.722913e-02;0.059816;1
524/342/524.jpg;7.400269;9.628573e-01;2.232691;4.049569e+00;4.173681;2.684105e+00;-0.002405;-3.249036e-03;0.026011;1
524/343/524.jpg;8.910701;-1.034373e+00;-0.435336;1.193541e+00;1.599347;7.719985e-01;0.012272;1.600245e-02;0.035304;1
525/344/525.jpg;3.877861;8.516851e-01;0.512890;6.230092e+00;7.967222;4.534698e+00;0.169637;1.284906e-01;0.094012;1
525/345/525.jpg;7.269448;1.606656e+00;2.131422;4.398726e+00;4.291955;2.578710e+00;0.010002;3.871599e-03;0.028582;1
525/346/525.jpg;8.063027;-6.264654e-03;-2.072729;1.197410e+00;1.048212;5.962358e-01;0.243985;2.405420e-01;0.181099;1
526/347/526.jpg;4.434977;-2.972114e-01;0.166343;8.032492e+00;7.706223;5.661820e+00;0.192353;1.310493e-01;0.086289;1
526/348/526.jpg;6.653606;6.650620e-01;2.006104;6.125014e+00;6.779339;4.604465e+00;0.094735;5.530406e-02;0.050117;1
526/349/526.jpg;8.455083;-1.259449e+00;-1.120360;3.565555e+00;3.385500;2.418104e+00;0.070825;3.016410e-02;0.036480;1
526/350/526.jpg;8.127561;1.410156e+00;3.790871;4.184882e+00;4.783344;3.402927e+00;-0.009180;-1.438620e-03;0.027348;1
527/351/527.jpg;4.617016;2.784334e-01;0.647795;5.515208e+00;6.269481;3.456345e+00;0.222568;1.536992e-01;0.099461;1
527/352/527.jpg;7.809981;6.350461e-01;1.316571;3.536643e+00;3.168255;1.877972e+00;0.002459;2.507808e-03;0.028667;1
527/353/527.jpg;8.289948;-1.001711e+00;-1.747829;1.054560e+00;0.812821;3.751302e-01;0.221852;2.204534e-01;0.161672;1
528/354/528.jpg;3.939114;1.268351e+00;-0.184902;3.470180e+00;5.312378;1.977659e+00;0.183720;1.684865e-01;0.133611;1
528/355/528.jpg;7.459170;1.541815e+00;0.176940;2.431340e+00;2.891189;1.339388e+00;0.165235;1.156659e-01;0.082785;1
528/356/528.jpg;5.777394;-1.423887e+00;3.066427;3.485959e+00;3.474624;1.139279e+00;0.133296;1.234628e-01;0.098779;1
528/357/528.jpg;8.671693;1.332963e+00;1.047935;3.219016e+00;3.026114;1.853582e+00;0.112262;9.382145e-02;0.076911;1
528/358/528.jpg;5.562651;-8.901187e-02;-0.049656;2.659496e+00;3.138042;1.125738e+00;0.196874;1.191475e-01;0.080631;1
529/359/529.jpg;6.235956;9.100506e-01;1.098434;3.878750e+00;3.761046;1.875101e+00;0.116665;8.956119e-02;0.072795;1
529/360/529.jpg;8.348568;1.362061e+00;1.875223;2.983371e+00;2.335355;1.463558e+00;0.043409;1.966593e-02;0.034468;1
529/361/529.jpg;8.299628;-3.328900e-01;-1.828059;9.147840e-01;0.646993;2.937897e-01;0.073977;8.508076e-02;0.074298;1
530/362/530.jpg;3.320521;6.797470e-01;0.724226;4.718920e+00;5.471757;3.777324e+00;0.096393;1.083023e-01;0.123735;1
530/363/530.jpg;8.108376;1.874721e+00;1.371101;2.695485e+00;1.989873;1.281494e+00;0.053731;2.857207e-02;0.037760;1
530/364/530.jpg;5.928603;1.374373e+00;1.193137;3.238319e+00;4.629807;2.302912e+00;0.111991;5.862703e-02;0.052176;1
530/365/530.jpg;9.174042;-1.707241e-01;-0.391830;3.597063e-01;0.235565;1.817055e-01;0.114876;1.088139e-01;0.084292;1
531/366/531.jpg;8.112852;7.874677e-01;0.470745;3.257797e+00;3.083142;1.765915e+00;-0.006711;-4.351941e-03;0.025820;1
531/367/531.jpg;5.924431;1.387669e-01;0.465304;5.380658e+00;6.458329;3.432224e+00;0.259050;1.557801e-01;0.095307;1
532/368/532.jpg;8.000583;-3.661719e-01;-1.956830;9.268980e-01;0.848944;5.944041e-01;0.108085;7.547280e-02;0.060697;1
532/369/532.jpg;7.041962;1.722565e+00;0.650469;4.143289e+00;3.850498;2.627355e+00;-0.014908;1.902801e-04;0.029005;1
533/370/533.jpg;5.882355;2.334634e+00;1.575578;6.871233e+00;6.626833;4.226598e+00;0.108676;5.285374e-02;0.045367;1
533/371/533.jpg;7.211033;3.416271e+00;4.540512;2.900520e+00;3.333058;2.029855e+00;-0.028664;-1.118658e-02;0.024389;1
533/372/533.jpg;7.931387;8.216752e-01;-0.659980;2.766299e+00;2.714361;1.746515e+00;0.057391;2.087188e-02;0.032495;1
534/373/534.jpg;4.037554;-5.050633e-01;0.319910;5.136919e+00;5.919359;2.684698e+00;0.141550;1.169467e-01;0.088032;1
534/374/534.jpg;8.380217;1.617720e+00;1.774376;3.621359e+00;4.422133;2.681644e+00;0.036573;4.144506e-02;0.048185;1
534/375/534.jpg;7.121097;4.499173e-01;0.016991;2.525125e+00;2.691751;1.548350e+00;0.018851;2.306183e-02;0.038470;1
535/376/535.jpg;7.826639;7.664504e-01;1.613194;2.422228e+00;1.886804;1.195975e+00;0.162084;1.025002e-01;0.070209;1
535/377/535.jpg;6.412524;-2.778228e-01;2.487523;3.689451e+00;4.210681;2.497770e+00;0.021552;1.112917e-02;0.031277;1
535/378/535.jpg;9.207504;1.824714e-01;-0.023063;9.134951e-01;0.484539;2.838171e-01;0.293479;2.941874e-01;0.233883;1
536/379/536.jpg;7.522569;-2.374076e-01;-0.010565;7.823405e-01;0.849912;4.428784e-01;0.045475;3.516126e-02;0.042768;1
536/380/536.jpg;7.601770;1.129256e+00;3.195012;3.135547e+00;3.187982;1.999071e+00;-0.009074;5.632447e-03;0.031313;1
537/381/537.jpg;3.809048;8.788878e-01;0.297838;5.934464e+00;8.200006;4.121537e+00;0.091099;7.397123e-02;0.068885;1
537/382/537.jpg;6.981219;1.822296e+00;2.703396;4.061380e+00;4.150160;2.258834e+00;0.133515;6.757972e-02;0.053787;1
537/383/537.jpg;7.929135;4.397264e-03;-2.645102;8.381321e-01;0.712962;3.963071e-01;0.306954;3.033381e-01;0.225315;1
537/384/537.jpg;7.718356;1.353165e+00;1.044049;4.413277e+00;4.564018;2.597907e+00;0.161669;9.142395e-02;0.063735;1
538/385/538.jpg;5.155708;-9.606976e-02;1.258077;9.431523e+00;8.866162;5.764034e+00;0.437178;3.317671e-01;0.217946;1
538/386/538.jpg;8.830233;8.135695e-01;1.192255;3.018309e+00;2.367370;1.767587e+00;0.094124;4.291420e-02;0.041873;1
538/387/538.jpg;7.186700;9.890735e-01;1.190702;5.467523e+00;5.459497;3.340134e+00;0.058489;3.910407e-02;0.044379;1
539/388/539.jpg;5.808802;-5.344954e-02;1.397050;5.899484e+00;6.510293;3.814315e+00;0.096647;6.907366e-02;0.061522;1
539/389/539.jpg;8.497136;6.480042e-01;1.676435;3.394016e+00;2.567373;1.833169e+00;0.020977;2.184951e-02;0.037731;1
539/390/539.jpg;8.404764;-1.594483e+00;-1.715250;1.452439e+00;1.474132;8.269623e-01;0.047732;5.423613e-02;0.058718;1
540/391/540.jpg;4.099303;8.915806e-01;0.754425;7.920621e+00;10.182518;5.416836e+00;0.146204;1.435918e-01;0.119002;1
540/392/540.jpg;8.029741;-3.366473e-01;-3.119148;3.941607e-01;0.329605;2.562000e-01;0.025779;3.802997e-02;0.047249;1
540/393/540.jpg;7.390234;1.177223e+00;1.259081;6.561502e+00;5.853692;4.082300e+00;0.030736;1.884287e-02;0.035158;1
541/394/541.jpg;4.324926;1.542141e-01;-0.430192;4.147718e+00;4.606860;2.699765e+00;0.185697;1.408341e-01;0.108618;1
541/395/541.jpg;7.815004;-7.323720e-01;3.858151;2.167415e+00;2.682230;1.538597e+00;0.017160;7.371852e-03;0.029994;1
541/396/541.jpg;7.339928;8.224958e-01;0.379567;3.235430e+00;2.382771;1.472384e+00;0.161142;1.253898e-01;0.097214;1
542/397/542.jpg;3.894012;4.645574e-01;0.200106;7.635415e+00;6.909578;4.123686e+00;0.209195;1.779972e-01;0.135494;1
542/398/542.jpg;8.327592;-3.967574e-01;-0.350941;3.031117e+00;2.535692;1.579612e+00;0.344462;2.332890e-01;0.144593;1
542/399/542.jpg;7.529630;8.063933e-01;1.646742;4.213562e+00;4.296981;2.784113e+00;-0.001333;3.540528e-03;0.029336;1
543/400/543.jpg;8.033780;8.296552e-01;0.655263;3.173074e+00;3.139206;1.840965e+00;0.028865;9.322678e-03;0.029688;1
543/401/543.jpg;4.764482;8.765074e-01;-0.172320;5.858989e+00;6.358584;3.909606e+00;0.103813;6.636626e-02;0.056021;1
544/402/544.jpg;6.420516;1.238617e+00;0.675649;3.242237e+00;3.471980;1.886616e+00;0.044827;3.356662e-02;0.043738;1
544/403/544.jpg;6.260498;-1.151607e+00;3.531919;3.123461e+00;3.131807;1.735370e+00;0.369506;3.738144e-01;0.296487;1
544/404/544.jpg;8.572733;-1.476478e-01;-1.867807;8.185270e-01;0.721975;4.865443e-01;0.196852;2.363406e-01;0.187606;1
544/405/544.jpg;8.423357;1.343225e+00;1.574475;2.515866e+00;1.957125;1.286162e+00;0.090607;3.693595e-02;0.039081;1
545/406/545.jpg;7.008279;1.309466e+00;0.550141;6.182961e+00;5.166889;3.528949e+00;0.026011;1.381931e-02;0.032273;1
545/407/545.jpg;4.765844;1.209950e+00;0.201513;8.022094e+00;8.359784;4.911661e+00;0.223048;1.503514e-01;0.096733;1
545/408/545.jpg;7.507436;3.166202e-02;-2.982924;1.045730e+00;0.911900;5.390581e-01;0.344944;2.498212e-01;0.164660;1
546/409/546.jpg;4.098549;3.916946e-01;0.478347;5.275305e+00;7.459394;3.028807e+00;0.178802;1.273087e-01;0.095532;1
546/410/546.jpg;7.945647;9.933191e-01;0.679521;3.303135e+00;3.114774;1.526691e+00;0.010939;2.490867e-03;0.027610;1
546/411/546.jpg;5.774689;-1.137441e+00;2.913181;2.405623e+00;2.115144;7.054754e-01;0.292510;3.184517e-01;0.266688;1
547/412/547.jpg;8.140908;-5.150706e-01;-1.315254;8.832619e-01;0.875544;6.209827e-01;0.038452;4.392242e-02;0.049520;1
547/413/547.jpg;7.542296;1.643007e+00;3.560848;3.617556e+00;4.165421;2.760772e+00;0.024520;2.434602e-02;0.038696;1
547/414/547.jpg;5.974519;1.501734e+00;1.281698;5.484196e+00;6.281189;3.977204e+00;0.154009;1.280535e-01;0.099189;1
548/415/548.jpg;9.085489;-1.824541e-01;-0.529790;2.859167e-01;0.217111;1.528510e-01;0.056438;6.225841e-02;0.059620;1
548/416/548.jpg;7.243913;1.562729e+00;1.453888;2.695864e+00;2.580680;1.461180e+00;-0.029615;-7.626738e-03;0.026253;1
549/417/549.jpg;3.837143;8.226809e-01;0.124716;5.346514e+00;7.030366;3.828204e+00;0.188385;1.388279e-01;0.097178;1
549/418/549.jpg;8.833899;5.382317e-01;1.431957;2.515536e+00;2.587784;1.471457e+00;0.117116;4.967256e-02;0.042734;1
549/419/549.jpg;6.765296;1.151741e+00;0.450704;4.253287e+00;4.759676;2.471067e+00;0.091280;5.269067e-02;0.049125;1
550/420/550.jpg;4.686669;2.152097e-01;1.239775;4.939064e+00;5.467290;3.215223e+00;0.292279;1.901210e-01;0.124127;1
550/421/550.jpg;7.344537;1.359214e+00;2.885966;2.848564e+00;1.760681;1.244683e+00;0.082443;7.039292e-02;0.061497;1
550/422/550.jpg;6.716077;-4.622476e-01;3.213722;2.896966e+00;2.959546;1.750836e+00;0.147578;1.098905e-01;0.082181;1
550/423/550.jpg;9.168926;1.295849e-01;-0.064123;1.446426e+00;1.326448;8.828036e-01;-0.003059;1.226379e-02;0.034733;1
551/424/551.jpg;4.375312;4.017793e-01;0.780016;3.189146e+00;4.271197;2.243896e+00;0.101428;7.624140e-02;0.065183;1
551/425/551.jpg;6.225628;4.041697e-01;2.772601;5.551081e+00;6.943349;3.807794e+00;0.284716;1.852230e-01;0.113739;1
551/426/551.jpg;8.008624;6.846393e-01;0.353954;2.732917e+00;3.526767;1.728892e+00;0.231888;1.739562e-01;0.116225;1
551/427/551.jpg;7.980413;-2.921690e-01;4.447960;3.451551e+00;3.365818;2.065915e+00;0.099678;7.247403e-02;0.066009;1
552/428/552.jpg;4.572835;9.973044e-01;0.839406;8.072244e+00;10.582622;5.142793e+00;0.174195;1.754199e-01;0.139234;1
552/429/552.jpg;7.981435;-2.871569e-01;-3.287894;8.255144e-01;0.701303;5.713158e-01;0.065583;6.762271e-02;0.062556;1
552/430/552.jpg;7.469635;1.092751e+00;1.024023;6.852884e+00;6.348416;4.322952e+00;0.019939;1.123003e-02;0.031913;1
553/431/553.jpg;8.902251;-1.419374e+00;-0.768484;5.229644e-01;0.422692;2.901253e-01;-0.032740;-1.201674e-02;0.024232;1
553/432/553.jpg;5.268892;7.194976e-01;1.433594;5.366111e+00;6.426562;3.552468e+00;0.088926;5.263401e-02;0.049104;1
553/433/553.jpg;8.208483;1.817908e+00;2.198261;2.228313e+00;1.662415;1.078246e+00;-0.003878;-6.256537e-03;0.024607;1
554/434/554.jpg;5.177086;9.706810e-01;0.252108;4.447679e+00;5.359111;2.779399e+00;0.137055;9.747048e-02;0.073305;1
554/435/554.jpg;7.125410;5.264240e-01;3.022171;2.611588e+00;2.333925;1.268953e+00;0.041241;1.802126e-02;0.033308;1
554/436/554.jpg;9.087463;1.722963e-01;-0.228295;1.487659e+00;1.317238;7.228251e-01;0.107145;1.182409e-01;0.098224;1
555/437/555.jpg;3.192186;2.337512e-02;-0.745454;4.452552e+00;2.574586;1.482816e+00;0.023136;3.319507e-02;0.044841;1
555/438/555.jpg;8.264621;-4.215538e-01;-0.330230;2.922526e+00;2.747735;1.698603e+00;0.332445;2.038030e-01;0.119678;1
555/439/555.jpg;7.137983;1.014032e+00;2.188161;3.659986e+00;3.370155;2.109834e+00;-0.039092;-1.616275e-02;0.022757;1
556/440/556.jpg;8.299002;-3.977770e-01;-2.587976;3.565241e-01;0.311980;2.265153e-01;0.014183;2.716173e-02;0.041679;1
556/441/556.jpg;6.837270;1.096939e+00;1.409139;7.352633e+00;7.361779;4.585493e+00;-0.016957;9.831055e-04;0.029700;1
557/442/557.jpg;3.998918;-1.885755e-01;-0.843662;8.138739e+00;7.397532;5.216300e+00;0.284095;2.317321e-01;0.162923;1
557/443/557.jpg;8.423901;6.391426e-01;0.302689;3.380749e+00;3.457207;2.256233e+00;0.063731;5.143112e-02;0.051018;1
557/444/557.jpg;6.720080;3.454415e-02;-0.841710;4.528244e+00;4.152592;3.136389e+00;0.028493;1.888880e-02;0.035285;1
558/445/558.jpg;8.555612;6.902478e-01;0.980865;3.330716e+00;3.090211;1.812052e+00;-0.001939;-2.382265e-03;0.026392;1
558/446/558.jpg;6.106742;4.105693e-01;0.915520;6.014452e+00;6.937277;4.030365e+00;0.214943;1.284687e-01;0.080374;1
559/447/559.jpg;6.353100;-1.732072e-01;1.494158;5.787731e+00;5.503927;4.306449e+00;0.061989;4.736692e-02;0.049903;1
559/448/559.jpg;3.864521;5.415031e-02;0.798371;9.450044e+00;10.239139;6.453097e+00;0.176111;1.301053e-01;0.093723;1
559/449/559.jpg;7.810674;-1.630421e+00;-2.783632;4.306014e-01;0.398950;3.599929e-01;0.060778;6.466201e-02;0.062067;1
559/450/559.jpg;8.231303;4.667971e-01;2.501023;3.773341e+00;3.167794;2.437579e+00;0.141563;1.020331e-01;0.077175;1
560/451/560.jpg;3.622074;4.867822e-01;-0.124048;7.866458e+00;7.760596;4.542418e+00;0.250790;2.071621e-01;0.150414;1
560/452/560.jpg;7.856292;-4.299897e-01;-0.770132;3.299945e+00;2.714598;1.674403e+00;0.481965;2.880318e-01;0.150773;1
560/453/560.jpg;7.512676;7.556600e-01;1.502803;4.371238e+00;4.500529;2.954047e+00;-0.004657;1.825203e-03;0.028777;1
561/454/561.jpg;8.730202;-1.166876e-01;-0.818875;1.778794e-01;0.194019;1.206929e-01;0.286608;2.666626e-01;0.199770;1
561/455/561.jpg;3.911605;5.282435e-01;1.403362;4.434936e+00;5.649915;2.989492e+00;0.268600;2.467614e-01;0.176776;1
561/456/561.jpg;9.248446;2.272102e-02;-0.250344;3.480422e-01;0.192712;1.486804e-01;-0.006020;1.271726e-02;0.036219;1
561/457/561.jpg;7.723043;1.516827e+00;3.293494;2.580794e+00;2.367515;1.454284e+00;0.010740;1.660834e-02;0.035649;1
562/458/562.jpg;3.758098;5.482204e-01;0.924871;5.168496e+00;6.416101;3.629670e+00;0.230442;2.176864e-01;0.157550;1
562/459/562.jpg;7.601659;5.890005e-01;3.288371;2.116610e+00;1.847898;9.926382e-01;0.028523;1.181404e-02;0.031194;1
562/460/562.jpg;6.757282;2.352526e-01;1.321699;3.972225e+00;4.217261;2.388827e+00;0.166471;1.058525e-01;0.076836;1
563/461/563.jpg;3.583372;8.642140e-01;0.160016;7.671727e+00;8.868299;5.439153e+00;0.125478;9.814142e-02;0.090497;1
563/462/563.jpg;6.884226;1.446454e+00;1.832970;7.340229e+00;7.896040;5.034568e+00;-0.007174;-5.614270e-04;0.027748;1
563/463/563.jpg;7.501939;1.552500e-01;-1.582430;5.978495e+00;6.544856;4.388433e+00;0.153449;1.297802e-01;0.094816;1
564/464/564.jpg;4.169915;8.378584e-01;1.099910;8.172588e+00;11.074236;5.052160e+00;0.777339;7.243990e-01;0.533568;1
564/465/564.jpg;6.435751;-1.606176e+00;4.174628;3.338663e+00;3.353233;2.005456e+00;0.061755;1.280665e-01;0.164309;1
564/466/564.jpg;8.795717;-3.223516e-01;-1.122828;1.391867e+00;1.279149;7.968898e-01;0.106049;1.221781e-01;0.098896;1
564/467/564.jpg;8.756507;1.106110e+00;2.235812;2.676579e+00;2.083574;1.477566e+00;0.123606;5.569751e-02;0.046429;1
564/468/564.jpg;7.080531;1.455775e+00;1.617678;4.044209e+00;4.699221;2.468082e+00;0.092384;6.115839e-02;0.056566;1
565/469/565.jpg;7.930179;-1.047808e+00;-3.243419;2.447072e-01;0.178577;1.363717e-01;-0.002532;1.280298e-02;0.034904;1
565/470/565.jpg;6.030947;5.064813e-01;1.597985;5.383801e+00;5.976832;3.495870e+00;0.049351;6.369164e-02;0.064146;1
565/471/565.jpg;8.614149;1.188639e+00;4.177738;3.131134e+00;2.898119;2.009999e+00;0.078853;7.281335e-02;0.063387;1
566/472/566.jpg;4.437205;-2.874625e-01;1.007280;2.772185e+00;3.895302;1.498058e+00;0.117414;7.545880e-02;0.063538;1
566/473/566.jpg;6.905383;-1.815581e-01;2.953641;2.141140e+00;2.830497;9.309080e-01;0.087731;5.620697e-02;0.053280;1
566/474/566.jpg;7.965027;4.323479e-02;0.767652;1.217347e+00;1.340672;5.208097e-01;0.082638;3.084825e-02;0.035268;1
566/475/566.jpg;8.624767;1.676731e+00;4.655605;2.650420e+00;3.545809;1.729220e+00;0.100871;8.393739e-02;0.069510;1
567/476/567.jpg;4.659218;-1.068008e+00;1.724407;4.553092e+00;5.619527;2.938397e+00;0.192263;1.231275e-01;0.083743;1
567/477/567.jpg;8.179118;1.440420e+00;4.336826;3.128091e+00;3.390967;2.081006e+00;0.019705;2.456664e-02;0.039380;1
567/478/567.jpg;7.092366;-6.745080e-01;2.013339;3.185031e+00;3.688020;1.815725e+00;0.056589;4.464579e-02;0.048441;1
568/479/568.jpg;4.796846;-3.406472e-02;0.330984;3.982310e+00;4.333940;2.852118e+00;0.067976;4.494885e-02;0.047152;1
568/480/568.jpg;8.068988;-1.247672e+00;3.674841;2.317255e+00;2.576182;1.617533e+00;0.078640;3.685497e-02;0.039826;1
568/481/568.jpg;7.764633;5.906216e-01;0.180044;1.779405e+00;1.169749;6.066856e-01;0.070169;4.368325e-02;0.047539;1
569/482/569.jpg;3.500478;3.028701e-01;0.635994;5.244023e+00;7.271634;3.210608e+00;0.455113;3.130757e-01;0.188638;1
569/483/569.jpg;6.614901;1.075751e+00;0.442700;4.128255e+00;5.015857;2.288047e+00;0.244687;1.312010e-01;0.079166;1
569/484/569.jpg;5.297790;-3.024349e-01;2.632367;2.831154e+00;3.687119;1.258150e+00;0.226799;1.945193e-01;0.152986;1
569/485/569.jpg;7.880399;1.974957e+00;1.491020;3.479008e+00;3.531139;1.830316e+00;0.069480;3.364130e-02;0.039379;1
570/486/570.jpg;7.777684;-1.173298e+00;-2.033894;7.341527e-01;0.514648;3.415762e-01;0.035873;4.433428e-02;0.050009;1
570/487/570.jpg;6.846325;8.435314e-01;1.934117;3.062584e+00;3.057803;2.029580e+00;-0.025299;-4.555743e-03;0.027509;1
571/488/571.jpg;5.283202;7.640216e-01;0.286049;4.544118e+00;4.250519;2.458845e+00;0.185561;9.589534e-02;0.063177;1
571/489/571.jpg;7.679881;8.961238e-01;0.439591;5.225797e+00;4.796773;3.061030e+00;0.000832;4.470178e-03;0.029606;1
572/490/572.jpg;4.283833;3.187622e-01;-0.751499;7.240182e+00;9.212169;4.472236e+00;0.437867;4.287971e-01;0.349802;1
572/491/572.jpg;7.856126;1.225130e+00;-0.044204;3.411230e+00;3.778735;2.209708e+00;-0.026137;-8.623622e-03;0.025397;1
572/492/572.jpg;5.913022;-1.510071e+00;0.224072;4.987490e+00;5.174647;2.522901e+00;0.213135;1.959766e-01;0.141119;1
573/493/573.jpg;4.273123;9.759385e-01;0.613520;7.950046e+00;10.470033;5.578004e+00;0.195284;1.890509e-01;0.143256;1
573/494/573.jpg;8.150933;-4.645762e-01;-2.402515;5.712288e-01;0.436439;3.621559e-01;0.024462;3.909761e-02;0.048977;1
573/495/573.jpg;7.380075;9.546456e-01;0.668272;7.424659e+00;6.575091;4.640485e+00;0.029623;1.890347e-02;0.035353;1
574/496/574.jpg;8.044267;1.109182e+00;0.359805;2.925757e+00;2.583713;1.467100e+00;-0.009444;-5.684210e-03;0.025260;1
574/497/574.jpg;4.667583;-1.321031e-01;0.737621;4.176545e+00;4.757917;1.988372e+00;0.195807;9.351789e-02;0.059235;1
575/498/575.jpg;5.969569;1.135739e+00;1.752619;4.938690e+00;5.382131;3.343584e+00;0.067919;4.239717e-02;0.044285;1
575/499/575.jpg;7.011420;3.016494e+00;3.046836;3.847631e+00;4.051121;2.626266e+00;0.036640;2.932432e-02;0.040494;1
575/500/575.jpg;8.681235;-3.705006e-01;-0.280498;3.179684e+00;2.960514;1.940797e+00;0.284616;2.590294e-01;0.179021;1
576/501/576.jpg;4.309477;-5.710999e-01;1.815685;5.012263e+00;6.089268;2.879313e+00;0.349214;3.002290e-01;0.235866;1
576/502/576.jpg;7.603456;1.274263e+00;2.759875;3.104727e+00;3.165648;1.920545e+00;-0.007875;2.588922e-03;0.029704;1
576/503/576.jpg;7.170309;-6.698946e-01;1.367441;2.369570e+00;2.666773;1.080639e+00;0.028724;3.952656e-02;0.050113;1
577/504/577.jpg;7.171651;1.160758e+00;1.186362;5.347355e+00;5.025815;2.964231e+00;-0.001562;1.611731e-03;0.028460;1
577/505/577.jpg;4.693173;8.598619e-01;0.971878;6.721385e+00;7.191033;3.674292e+00;0.297817;2.261445e-01;0.149871;1
577/506/577.jpg;7.794025;-3.662966e-01;-2.087617;1.192399e+00;0.953510;6.138608e-01;0.438837;2.702542e-01;0.148905;1
578/507/578.jpg;4.303239;7.488865e-02;0.806845;6.075084e+00;7.758543;4.753601e+00;0.085489;6.583116e-02;0.063656;1
578/508/578.jpg;7.921672;1.320818e+00;2.396458;4.140785e+00;4.089650;2.731443e+00;0.029292;2.561326e-02;0.039556;1
578/509/578.jpg;8.551806;-1.968428e+00;-0.784098;2.305132e+00;2.260780;1.308249e+00;0.056364;5.427538e-02;0.054010;1
579/510/579.jpg;2.921102;2.002717e-01;0.664055;5.334773e+00;6.976829;3.807727e+00;0.083209;5.488177e-02;0.051377;1
579/511/579.jpg;8.854015;-1.226977e+00;-0.983498;4.289816e-01;0.341250;1.989109e-01;0.201065;1.660205e-01;0.113309;1
579/512/579.jpg;7.213137;7.071623e-01;1.050408;2.431857e+00;2.373851;1.612783e+00;-0.018231;-3.783397e-03;0.027281;1
580/513/580.jpg;3.783912;2.548538e-01;0.554367;4.288938e+00;5.585979;3.264470e+00;0.001578;9.073427e-03;0.037998;1
580/514/580.jpg;7.648119;1.272410e+00;1.401479;3.965054e+00;4.173552;2.984443e+00;0.001721;-1.585144e-03;0.026507;1
581/515/581.jpg;4.330718;5.642529e-02;0.989876;8.018939e+00;9.120182;5.449110e+00;0.404938;3.227473e-01;0.211337;1
581/516/581.jpg;8.737982;8.193049e-01;1.299487;3.769663e+00;3.282983;2.149092e+00;0.042272;2.740121e-02;0.038901;1
581/517/581.jpg;6.532417;3.248240e-01;1.430458;6.778004e+00;7.043196;4.269927e+00;0.053881;3.560141e-02;0.042362;1
582/518/582.jpg;5.467347;-1.941199e-01;0.755370;5.090162e+00;5.115935;3.153195e+00;0.114579;6.186898e-02;0.051432;1
582/519/582.jpg;7.979952;-2.495285e+00;-1.677527;1.600068e+00;0.808744;6.813691e-01;0.471370;2.793371e-01;0.145608;1
582/520/582.jpg;7.235252;-1.316429e-01;0.392477;5.173538e+00;4.418799;2.991477e+00;0.157297;7.499685e-02;0.053221;1
582/521/582.jpg;9.036919;-6.627890e-01;-0.462133;1.342486e+00;1.042564;7.293225e-01;0.027078;1.468969e-02;0.032777;1
583/522/583.jpg;3.474567;-4.600823e-01;-0.210761;5.099433e+00;5.840625;3.399326e+00;0.039050;5.170904e-02;0.065199;1
583/523/583.jpg;8.289165;-5.026319e-01;-0.500789;3.382737e+00;2.346557;1.410471e+00;0.240003;1.388433e-01;0.085727;1
583/524/583.jpg;7.282777;2.236865e-01;1.573599;5.411301e+00;6.144825;3.418080e+00;0.026810;1.865345e-02;0.035003;1
584/525/584.jpg;8.887023;-3.040978e-01;-0.669014;1.682677e+00;1.217879;7.349406e-01;0.080271;2.837223e-02;0.034959;1
584/526/584.jpg;6.318206;8.478236e-02;0.470339;3.563387e+00;4.199982;1.954237e+00;-0.011774;1.569238e-02;0.038500;1
585/527/585.jpg;8.583479;-2.133822e-01;-0.454955;1.522979e+00;1.484484;9.616716e-01;0.018797;6.069357e-03;0.028922;1
585/528/585.jpg;3.549657;-2.682250e-01;0.471617;4.223695e+00;6.020045;3.097991e+00;-0.030391;-1.038764e-02;0.024938;1
586/529/586.jpg;9.047192;-2.357833e-01;-0.397997;1.538441e+00;0.985353;6.600657e-01;0.043795;1.746578e-02;0.032477;1
586/530/586.jpg;6.349877;2.103524e-01;0.941735;3.954708e+00;4.107588;2.010826e+00;-0.002024;2.127869e-02;0.041601;1
587/531/587.jpg;5.473880;1.052596e-02;0.814717;4.458925e+00;4.394519;2.551703e+00;0.076121;5.551717e-02;0.054465;1
587/532/587.jpg;7.648750;7.443260e-01;1.671547;3.242335e+00;3.647112;1.645204e+00;0.076275;5.280038e-02;0.050469;1
587/533/587.jpg;7.817368;-3.907591e-01;-0.732419;3.344430e+00;2.526660;1.376146e+00;0.231578;1.250746e-01;0.075900;1
588/534/588.jpg;8.284702;-3.126639e-01;-0.461548;3.120784e+00;2.814134;1.791957e+00;0.119259;4.578339e-02;0.040690;1
588/535/588.jpg;6.852856;3.756819e-01;1.352843;3.997594e+00;4.453092;2.749662e+00;0.014608;1.788971e-02;0.035735;1
589/536/589.jpg;8.965308;-2.779734e-01;-0.698271;1.638964e+00;1.257569;8.569204e-01;0.069224;3.075945e-02;0.037018;1
589/537/589.jpg;6.363198;6.921170e-01;0.690163;4.560761e+00;5.059459;2.782135e+00;0.002310;1.657770e-02;0.037009;1
590/538/590.jpg;5.819979;-4.631623e-01;1.029411;3.753521e+00;4.177523;2.118170e+00;-0.023939;-5.621797e-03;0.027480;1
590/539/590.jpg;8.313026;-1.098119e+00;-1.443271;1.523531e+00;1.050166;6.520449e-01;0.076364;3.015837e-02;0.036208;1
591/540/591.jpg;8.359788;-6.638422e-01;-0.866016;1.721350e+00;1.159683;7.491491e-01;0.031787;8.866593e-03;0.029348;1
591/541/591.jpg;4.626469;-6.873644e-01;1.124690;4.935781e+00;4.944314;2.656512e+00;-0.000983;1.994793e-03;0.028576;1
592/542/592.jpg;9.120280;-2.248706e-01;-0.340473;1.634382e+00;1.078691;6.869006e-01;0.095204;3.914692e-02;0.039304;1
592/543/592.jpg;6.786870;5.852529e-01;0.933655;3.602535e+00;3.871069;1.967084e+00;-0.014916;7.554964e-03;0.033839;1
593/544/593.jpg;8.845490;-2.793962e-01;-0.869947;1.572718e+00;1.147794;7.263234e-01;0.058566;2.088930e-02;0.032888;1
593/545/593.jpg;6.247765;2.478819e-01;0.407461;3.933799e+00;4.571989;2.206653e+00;-0.000976;2.421669e-02;0.042951;1
594/546/594.jpg;8.339507;-2.552852e-01;-0.250320;2.644174e+00;2.623836;1.530199e+00;0.147381;5.988299e-02;0.045526;1
594/547/594.jpg;7.095534;4.454667e-01;1.232938;3.849795e+00;4.522335;2.499286e+00;0.007977;1.473664e-02;0.034490;1
595/548/595.jpg;9.006456;-2.446478e-01;-0.670199;1.554365e+00;1.160921;7.767444e-01;0.063162;2.844990e-02;0.036386;1
595/549/595.jpg;6.476042;6.072842e-01;0.728712;4.410173e+00;4.911604;2.598757e+00;0.002957;1.623861e-02;0.036813;1
596/550/596.jpg;8.767615;-1.641202e-01;-0.526246;1.422119e+00;1.290726;7.612561e-01;0.022449;7.668022e-03;0.029479;1
596/551/596.jpg;4.036346;-2.702705e-01;0.731104;7.587361e+00;9.065532;6.227021e+00;-0.021258;-7.485520e-03;0.025529;1
597/552/597.jpg;5.249102;4.577798e-01;1.036585;4.851079e+00;4.714370;3.060933e+00;0.059748;5.563208e-02;0.056267;1
597/553/597.jpg;8.259249;-4.124529e-01;-0.694011;2.236286e+00;1.431758;9.272239e-01;0.125867;5.420008e-02;0.044287;1
597/554/597.jpg;7.529427;1.139249e+00;1.414630;3.635609e+00;3.546282;2.120665e+00;0.174000;1.204873e-01;0.082366;1
598/555/598.jpg;5.942242;-3.698929e-01;1.633406;4.519526e+00;4.759850;2.888016e+00;-0.020058;-7.414161e-03;0.025436;1
598/556/598.jpg;7.998287;-2.565701e+00;-2.490612;4.335538e-01;0.319361;2.558986e-01;0.016202;6.168659e-03;0.029275;1
598/557/598.jpg;8.663448;-1.509127e-01;-0.068502;2.858503e+00;2.183043;1.571729e+00;0.274464;1.487090e-01;0.083066;1
599/558/599.jpg;9.178586;-1.762032e-01;-0.327417;1.087099e+00;0.992040;6.077285e-01;0.047318;1.802842e-02;0.032427;1
599/559/599.jpg;5.794311;4.108481e-01;0.584080;3.808900e+00;5.354691;2.534868e+00;-0.024944;-5.845303e-03;0.026603;1
611/560/611.jpg;1.712893;-3.266323e-03;0.167860;1.914383e+00;1.835419;9.711090e-01;0.126929;5.152839e-02;0.042317;0
611/561/611.jpg;7.513801;9.348982e-01;1.811521;1.933259e+00;1.813980;1.017262e+00;-0.049754;-1.943089e-02;0.022264;0
612/562/612.jpg;1.934764;7.867289e-02;0.121953;7.784021e-01;0.801973;4.348962e-01;0.332559;1.860287e-01;0.101425;0
612/563/612.jpg;6.947842;4.479125e+00;-0.950434;2.724366e+00;3.030429;1.624211e+00;0.092375;5.233701e-02;0.046685;0
612/564/612.jpg;3.459810;-7.866247e-01;0.777233;8.100923e-01;0.875331;4.151084e-01;0.409792;2.616927e-01;0.153191;0
612/565/612.jpg;5.273137;7.442397e+00;-2.559561;2.844448e+00;3.003189;1.445866e+00;0.290476;1.643027e-01;0.092843;0
612/566/612.jpg;2.585694;2.618608e+00;-0.468162;2.027249e+00;2.004728;7.765663e-01;0.518591;1.036859e+00;2.020201;0
612/567/612.jpg;8.334430;2.026707e+00;-0.103173;1.481317e+00;1.464286;9.151633e-01;0.030603;1.333577e-02;0.031593;0
613/568/613.jpg;1.209646;6.027440e-02;0.017140;1.197510e+00;1.238885;7.812123e-01;0.165138;7.208149e-02;0.049679;0
613/569/613.jpg;5.438688;8.407839e+00;0.353133;3.506183e+00;2.645551;1.567064e+00;0.028174;1.322046e-02;0.032162;0
613/570/613.jpg;6.594091;2.763713e+00;-0.665818;3.596203e+00;3.295059;1.807161e+00;0.267782;1.383432e-01;0.077285;0
613/571/613.jpg;6.894160;4.944728e+00;-0.295228;1.919279e+00;1.692244;1.076844e+00;0.007363;2.172731e-03;0.027744;0
614/572/614.jpg;2.157996;2.922932e-01;0.039239;7.358245e-01;0.717345;3.978014e-01;0.336708;1.990154e-01;0.111495;0
614/573/614.jpg;7.529775;5.758578e+00;3.098776;1.603735e+00;1.692518;7.455496e-01;0.033468;1.090890e-02;0.029990;0
614/574/614.jpg;4.383221;3.222185e+00;1.244632;2.271037e+00;2.210435;9.291422e-01;0.652597;5.543919e-01;0.385218;0
614/575/614.jpg;6.375819;9.571627e+00;4.410656;2.641755e+00;2.609564;1.124766e+00;0.032436;2.175193e-02;0.036384;0
614/576/614.jpg;3.706845;-3.475671e-01;0.637741;6.953269e-01;0.656262;3.877783e-01;0.420928;2.590856e-01;0.141919;0
615/577/615.jpg;1.569561;1.799953e-01;-0.000345;8.876636e-01;0.907222;5.519170e-01;0.162605;8.657064e-02;0.062061;0
615/578/615.jpg;7.382786;3.877980e+00;2.837639;1.877331e+00;1.897580;9.124977e-01;0.020349;3.579065e-03;0.027275;0
615/579/615.jpg;3.029833;1.847243e-03;0.590879;1.746072e+00;1.889662;9.081013e-01;0.443738;3.949445e-01;0.310020;0
615/580/615.jpg;7.523328;5.055863e+00;5.289287;1.859320e+00;1.660304;8.880069e-01;-0.020395;-5.487405e-03;0.026630;0
616/581/616.jpg;2.861429;8.384470e-01;0.291039;8.531378e-01;0.858866;4.703515e-01;0.298321;1.590706e-01;0.088766;0
616/582/616.jpg;3.489135;7.683212e+00;0.496016;1.702359e+00;1.530862;6.184307e-01;0.339649;2.590693e-01;0.172009;0
616/583/616.jpg;5.045143;-6.606745e-01;2.040053;1.559274e+00;1.740435;9.787113e-01;0.353075;2.154620e-01;0.123506;0
616/584/616.jpg;4.323101;1.138199e+01;1.297014;6.086540e-01;0.651184;3.384686e-01;-0.049302;-1.942001e-02;0.021948;0
617/585/617.jpg;1.255731;1.086055e-02;0.017900;9.572061e-01;0.914100;6.332449e-01;0.159626;7.654070e-02;0.053702;0
617/586/617.jpg;7.579143;2.274055e+00;1.206663;2.172806e+00;1.923037;1.124886e+00;0.041437;1.462510e-02;0.031013;0
617/587/617.jpg;3.062016;9.292357e-01;0.511096;4.643345e+00;3.957484;2.335991e+00;0.831591;7.521406e-01;0.553506;0
617/588/617.jpg;7.447118;3.001134e+00;4.511343;1.789482e+00;1.098655;6.912727e-01;0.033738;1.600620e-02;0.032900;0
618/589/618.jpg;2.243607;7.872189e-02;0.034488;1.113336e+00;1.153365;5.390509e-01;0.197872;9.622055e-02;0.060589;0
618/590/618.jpg;4.554337;1.084422e+01;0.059119;1.180300e+00;1.090164;5.443189e-01;0.036511;2.226419e-02;0.036235;0
618/591/618.jpg;4.460810;-8.359097e-01;1.465365;1.579443e+00;1.272372;5.079390e-01;0.486118;3.642219e-01;0.237384;0
618/592/618.jpg;5.312796;1.047281e+01;-2.723837;1.177942e+00;1.037456;5.412431e-01;0.050030;2.042765e-02;0.033382;0
619/593/619.jpg;2.410972;4.343725e-02;0.137434;2.107632e+00;2.286691;9.565488e-01;0.402124;2.427811e-01;0.134388;0
619/594/619.jpg;6.709064;7.770095e+00;2.090057;1.757699e+00;1.724924;9.602518e-01;0.023754;9.670923e-03;0.029950;0
619/595/619.jpg;5.114789;-7.399627e-01;1.006397;1.831087e+00;2.111245;7.510937e-01;0.343237;2.220752e-01;0.136144;0
619/596/619.jpg;5.982154;1.036256e+01;2.542522;1.678036e+00;1.667005;9.166666e-01;0.106514;4.829000e-02;0.043454;0
619/597/619.jpg;3.929560;1.913015e+00;0.421219;2.023580e+00;1.806810;8.286387e-01;0.126497;1.004280e-01;0.087761;0
620/598/620.jpg;2.907117;1.413750e-01;0.501783;2.207494e+00;2.247726;9.573919e-01;0.581552;4.503938e-01;0.282418;0
620/599/620.jpg;6.246690;5.673051e+00;2.671136;4.954491e+00;5.025936;3.118428e+00;-0.058639;-2.342948e-02;0.020732;0
620/600/620.jpg;6.101168;-6.950593e-01;0.429264;1.927777e+00;1.903749;8.906819e-01;0.467546;2.999853e-01;0.166207;0
620/601/620.jpg;4.545532;1.192820e+01;1.442167;6.762264e-01;0.662653;4.039460e-01;-0.023517;-1.295189e-02;0.023047;0
620/602/620.jpg;4.380386;-4.622766e-01;1.373800;2.441446e+00;2.486359;1.036003e+00;0.462098;2.993428e-01;0.165969;0
621/603/621.jpg;1.647536;2.004240e-01;0.018996;1.431163e+00;1.328651;7.550688e-01;0.323724;1.789881e-01;0.097544;0
621/604/621.jpg;6.787690;5.464919e+00;0.302692;2.426002e+00;2.564905;1.321469e+00;0.184919;1.576734e-01;0.139861;0
621/605/621.jpg;4.340575;-6.326518e-01;0.405259;2.098149e+00;1.978428;1.224903e+00;0.606107;4.872367e-01;0.313966;0
621/606/621.jpg;4.966250;1.083486e+01;0.061238;1.802407e+00;1.551170;8.068516e-01;0.031189;1.488466e-02;0.032361;0
621/607/621.jpg;2.825205;-7.928128e-02;0.289735;2.077048e+00;1.916975;1.107767e+00;0.491704;3.281406e-01;0.190407;0
621/608/621.jpg;6.241648;8.202971e+00;0.398678;2.612393e+00;2.386647;1.182542e+00;0.101596;5.727752e-02;0.049887;0
621/609/621.jpg;5.630651;-3.854610e-01;2.671786;1.569398e+00;1.165163;5.210031e-01;1.126439;1.136165e+00;0.922585;0
711/610/711.jpg;5.997050;1.091016e+00;0.443714;4.229798e+00;7.104067;3.041178e+00;-0.039736;-1.002837e-02;0.026008;0
711/611/711.jpg;7.967012;-7.406175e-01;5.031411;4.184284e+00;4.194015;2.510131e+00;0.206642;1.189024e-01;0.077410;0
711/612/711.jpg;7.446917;-1.215767e+00;3.410110;2.305119e+00;2.401234;1.156808e+00;0.089694;4.928607e-02;0.046289;0
711/613/711.jpg;8.536951;-1.527989e-01;6.799815;4.575567e+00;4.569105;3.268348e+00;0.289101;2.359598e-01;0.157663;0
712/614/712.jpg;4.943346;-4.076280e-02;1.170070;8.291640e+00;8.521044;5.430270e+00;0.121954;6.686439e-02;0.055978;0
712/615/712.jpg;7.055366;-2.139154e+00;-1.256212;5.795933e+00;5.344444;3.891057e+00;0.007617;1.589589e-02;0.037097;0
712/616/712.jpg;5.529030;-1.967469e+00;2.706091;5.436031e+00;5.736998;3.917391e+00;0.187031;1.168978e-01;0.082562;0
712/617/712.jpg;6.975688;-9.866621e-01;3.056058;3.687749e+00;4.377310;2.961318e+00;0.091274;6.904985e-02;0.060879;0
712/618/712.jpg;5.554235;3.566884e+00;2.204384;4.440022e+00;6.154105;2.955664e+00;0.133575;1.097738e-01;0.094672;0
712/619/712.jpg;7.892948;7.291865e-01;0.784483;5.192839e+00;5.200585;3.079165e+00;0.240004;1.994429e-01;0.154492;0
713/620/713.jpg;3.065551;-4.798896e-01;0.661460;9.869260e+00;9.898913;7.513211e+00;0.136119;1.160038e-01;0.088974;0
713/621/713.jpg;5.418732;-1.870212e+00;2.890243;5.603842e+00;6.486907;4.588151e+00;0.079388;3.981714e-02;0.041512;0
713/622/713.jpg;4.951279;8.552634e-01;1.536310;6.369983e+00;8.278449;4.941565e+00;0.309279;2.250807e-01;0.145925;0
713/623/713.jpg;8.213673;8.642312e-01;0.447134;2.492643e+00;3.361692;1.487723e+00;-0.001821;8.053318e-03;0.032339;0
714/624/714.jpg;3.733667;-8.567218e-01;-0.855775;9.656844e-01;0.946227;4.048744e-01;0.034624;4.459743e-02;0.051197;0
714/625/714.jpg;5.095126;3.953902e+00;2.210568;3.592660e+00;6.555144;2.241855e+00;0.032986;4.141600e-02;0.056387;0
714/626/714.jpg;7.497658;-1.101581e-01;-0.953923;3.926811e+00;1.736078;6.412167e-01;0.215641;2.255674e-01;0.168588;0
714/627/714.jpg;6.614235;-7.810803e-01;2.967994;1.915114e+00;2.587470;1.345874e+00;0.061144;4.113431e-02;0.044479;0
715/628/715.jpg;2.186534;-4.025290e-01;-1.939175;1.277783e+00;1.390424;6.094545e-01;0.205182;1.803108e-01;0.138036;0
715/629/715.jpg;5.357341;2.623388e+00;1.999926;3.791241e+00;7.015988;2.530002e+00;0.412999;3.317703e-01;0.214354;0
715/630/715.jpg;7.096063;-7.125698e-01;-0.988277;4.857642e+00;3.315205;1.297144e+00;0.157795;1.896692e-01;0.158267;0
715/631/715.jpg;5.839225;-1.581006e+00;3.233743;2.630429e+00;3.394069;1.878643e+00;0.029088;3.851537e-02;0.047329;0
715/632/715.jpg;3.535331;-1.566682e+00;-0.384250;1.834135e+00;1.351748;6.342862e-01;0.078225;6.411419e-02;0.060973;0
716/633/716.jpg;2.863443;1.166959e+00;-0.020332;3.910747e+00;5.620606;2.628999e+00;0.099031;9.225690e-02;0.083541;0
716/634/716.jpg;7.969017;-2.842983e-01;4.078767;4.583401e+00;5.047244;3.224962e+00;0.289747;1.894137e-01;0.117510;0
716/635/716.jpg;7.640323;-7.460921e-01;1.516827;1.731610e+00;1.933052;8.657916e-01;0.079675;5.068772e-02;0.048525;0
716/636/716.jpg;8.688607;7.736127e-02;6.255246;3.950697e+00;4.254660;2.819281e+00;0.218653;2.174562e-01;0.162004;0
716/637/716.jpg;6.146552;3.233677e+00;1.209906;3.694468e+00;5.678821;2.503012e+00;0.263308;1.891427e-01;0.120708;0
717/638/717.jpg;5.218225;4.298000e+00;2.648350;4.016139e+00;5.630002;2.492000e+00;0.002056;3.420489e-03;0.029196;0
717/639/717.jpg;3.944580;-2.893633e-01;1.123265;4.222430e+00;6.294485;2.452738e+00;0.260055;2.406032e-01;0.204015;0
717/640/717.jpg;8.765668;2.437570e-01;0.510112;4.430809e+00;2.868364;1.042925e+00;0.165794;1.069523e-01;0.074876;0
717/641/717.jpg;6.235788;-6.678713e-01;3.362659;3.777531e+00;3.708888;2.077173e+00;0.100128;4.225628e-02;0.040463;0
718/642/718.jpg;3.998542;-8.277708e-01;1.781266;8.620992e+00;8.298203;6.282856e+00;0.144292;1.002483e-01;0.073524;0
718/643/718.jpg;6.318998;-1.291695e+00;3.944662;5.804667e+00;5.324247;4.366746e+00;0.022007;1.453903e-02;0.033297;0
718/644/718.jpg;6.401490;9.045923e-01;1.516247;6.297503e+00;6.490878;4.261658e+00;0.144025;1.127210e-01;0.086577;0
719/645/719.jpg;5.849020;2.405337e+00;0.557107;4.440679e+00;6.764684;3.137845e+00;-0.003040;2.724089e-03;0.029072;0
719/646/719.jpg;8.525975;-4.321191e-01;4.340579;4.144230e+00;4.790310;3.176481e+00;0.142201;1.306984e-01;0.097932;0
719/647/719.jpg;8.068060;-1.515285e+00;1.167475;1.708048e+00;1.885242;8.206928e-01;0.032768;1.910359e-02;0.034534;0
720/648/720.jpg;5.796519;2.151406e+00;0.215087;5.438573e+00;6.760918;3.990724e+00;-0.007350;-6.094742e-04;0.027734;0
720/649/720.jpg;7.539780;-1.808275e+00;1.176748;4.161978e+00;4.948472;3.070714e+00;-0.004972;-5.262086e-03;0.025301;0
721/650/721.jpg;2.747017;-7.188099e-01;-0.606625;2.041113e+00;1.907579;6.918592e-01;-0.025977;-6.308544e-03;0.027302;0
721/651/721.jpg;5.485747;4.169485e+00;2.898558;4.349573e+00;6.499877;2.563287e+00;0.324040;2.784386e-01;0.194545;0
721/652/721.jpg;8.102830;2.649051e-01;0.164506;5.155704e+00;3.482853;1.288463e+00;0.207624;2.162418e-01;0.189651;0
721/653/721.jpg;6.715380;-5.967776e-01;3.863889;2.131351e+00;2.553933;1.369568e+00;0.006622;2.259189e-02;0.039810;0
721/654/721.jpg;4.770168;-5.156481e-01;1.735863;2.926833e+00;2.496938;9.225619e-01;0.065506;5.503124e-02;0.057363;0
811/655/811.jpg;1.741140;2.283726e+00;-0.506385;1.468174e+00;1.479872;9.072955e-01;0.371457;4.573123e-01;0.436896;0
811/656/811.jpg;7.623767;-1.690685e+00;-1.951523;6.028693e-01;0.623358;3.330938e-01;-0.001232;8.705505e-03;0.032376;0
811/657/811.jpg;4.149380;-9.971301e-01;-0.337546;6.269548e+00;6.659677;2.845726e+00;0.294530;2.569615e-01;0.182595;0
811/658/811.jpg;8.450298;-7.538926e-02;0.407807;2.792408e+00;3.126605;1.638692e+00;0.075227;6.383439e-02;0.058754;0
812/659/812.jpg;7.923272;-7.197387e-01;-0.811096;3.187646e+00;2.758600;2.000284e+00;0.081350;5.712187e-02;0.053993;0
812/660/812.jpg;2.347738;4.317975e-01;0.259184;8.103763e+00;7.231737;5.203290e+00;0.021879;2.990977e-02;0.043123;0
812/661/812.jpg;7.439849;-2.507746e+00;-3.121834;3.565120e-01;0.260834;2.140155e-01;-0.013111;-2.906814e-03;0.027078;0
812/662/812.jpg;6.643848;-1.080336e+00;4.341058;5.672040e+00;5.578732;4.116535e+00;-0.016502;-5.225413e-03;0.026087;0
813/663/813.jpg;5.579929;5.407754e-01;1.021558;4.711349e+00;3.984063;2.492136e+00;-0.030315;-1.096027e-02;0.024502;0
813/664/813.jpg;6.546929;5.361498e-02;-1.691093;3.500138e+00;2.859668;2.003362e+00;0.062047;4.931206e-02;0.049328;0
813/665/813.jpg;8.006921;9.593526e-01;1.566753;4.124155e+00;3.419503;2.400405e+00;0.265075;1.445772e-01;0.082518;0
813/666/813.jpg;5.977037;-2.335225e+00;-5.300869;5.190048e-01;0.301071;3.502349e-01;0.053280;5.016275e-02;0.051326;0
814/667/814.jpg;8.822118;-2.248955e-02;0.133098;2.697212e+00;1.660943;1.260802e+00;0.242299;1.328214e-01;0.079449;0
814/668/814.jpg;5.792630;-5.003827e-01;-1.798481;3.739240e+00;3.337088;2.195282e+00;-0.011501;-6.892776e-03;0.025004;0
815/669/815.jpg;4.223089;2.358220e-01;0.881125;5.354124e+00;3.659364;2.764543e+00;0.017104;2.830475e-02;0.044742;0
815/670/815.jpg;8.374338;-6.088547e-02;-0.732373;2.908635e+00;2.166847;1.957994e+00;0.077007;7.034753e-02;0.062028;0
815/671/815.jpg;6.152798;4.411474e-01;0.311429;6.511571e+00;4.518083;3.797982e+00;0.085605;4.407762e-02;0.044341;0
816/672/816.jpg;8.283867;1.121933e-01;-0.814364;1.732302e+00;1.389416;1.192120e+00;-0.029352;-4.005222e-03;0.028355;0
816/673/816.jpg;4.458510;1.268255e-01;1.778139;4.598985e+00;3.619680;2.268958e+00;0.043478;3.390532e-02;0.041975;0
817/674/817.jpg;4.413435;9.861951e-01;0.732444;9.117908e+00;7.581069;5.490355e+00;0.214950;1.521618e-01;0.105792;0
817/675/817.jpg;5.173122;-1.258627e+00;-3.327641;5.253344e+00;3.429340;2.932470e+00;0.522708;6.694438e-01;0.746000;0
817/676/817.jpg;7.270261;5.243211e-01;0.251404;6.562680e+00;4.903700;3.564303e+00;0.003847;1.417075e-02;0.036226;0
817/677/817.jpg;4.170481;-2.771918e+00;-5.356511;4.050951e-01;0.254170;2.597193e-01;0.102478;1.020411e-01;0.082294;0
817/678/817.jpg;1.865763;3.577208e+00;0.492331;2.651235e+00;2.308465;1.596818e+00;0.160817;1.385161e-01;0.104824;0
818/679/818.jpg;2.215716;1.443079e+00;-0.259746;3.038217e+00;2.710889;1.426095e+00;0.249885;2.063863e-01;0.152081;0
818/680/818.jpg;7.880711;-2.361933e+00;-2.150301;2.589185e+00;2.333277;1.648894e+00;0.057609;3.415294e-02;0.039950;0
818/681/818.jpg;6.430125;-8.819232e-01;1.401125;6.818604e+00;6.352764;4.292631e+00;0.214904;1.226854e-01;0.080861;0
818/682/818.jpg;8.894538;-1.025623e+00;-0.590211;2.542171e+00;2.248114;1.567937e+00;0.036435;3.014014e-02;0.043043;0
818/683/818.jpg;3.976849;-1.508653e+00;-0.622617;5.310586e+00;4.627907;3.129819e+00;0.329221;2.403075e-01;0.162982;0
819/684/819.jpg;5.050997;-4.738817e-02;-2.344372;1.042143e+01;8.396842;6.790067e+00;0.154642;9.836002e-02;0.072267;0
819/685/819.jpg;4.826410;-2.828463e+00;-7.098828;6.242470e-01;0.400206;5.143632e-01;0.102392;7.329525e-02;0.059966;0
819/686/819.jpg;6.729920;3.446762e-01;-0.399711;1.246737e+01;10.068140;7.838608e+00;0.021425;1.839283e-02;0.036017;0
820/687/820.jpg;3.392428;-1.054598e-01;-1.179104;4.709380e+00;4.326787;3.064751e+00;-0.002542;7.492153e-03;0.032310;0
820/688/820.jpg;7.479056;6.226029e-03;-1.142943;7.174649e-01;0.615706;3.745610e-01;-0.044316;-2.043618e-02;0.021091;0
820/689/820.jpg;5.463504;-9.756870e-02;3.048336;8.397035e+00;4.696267;4.119363e+00;0.052343;5.274004e-02;0.053300;0
821/690/821.jpg;5.142563;2.331059e-01;0.006033;6.493498e+00;7.374797;4.796350e+00;0.008943;1.590560e-02;0.036611;0
821/691/821.jpg;8.299965;3.223285e-02;-0.555136;2.331941e+00;2.031841;1.340223e+00;0.116565;6.980387e-02;0.059536;0
821/692/821.jpg;5.338911;-7.640262e-01;-2.319463;1.649558e+00;1.395391;8.060029e-01;0.053006;3.283129e-02;0.042679;0
911/693/911.jpg;4.530184;1.144763e+00;1.294763;7.416896e+00;7.633707;5.172694e+00;0.246738;1.739123e-01;0.114721;0
911/694/911.jpg;5.148677;3.851408e+00;2.119988;7.237024e+00;7.186096;5.069265e+00;0.114186;5.766781e-02;0.048325;0
911/695/911.jpg;4.165363;-1.545018e-02;-2.996088;9.193602e+00;6.540657;4.289693e+00;0.673623;6.018090e-01;0.436202;0
911/696/911.jpg;7.769981;3.328305e-01;1.080491;9.063462e+00;7.264914;4.714611e+00;0.635804;5.123972e-01;0.330564;0
911/697/911.jpg;5.662180;-2.470875e+00;3.731861;7.262459e+00;7.169508;5.072830e+00;0.111771;4.817442e-02;0.042624;0
911/698/911.jpg;7.622961;2.354793e+00;4.464486;4.254039e+00;4.225082;2.549362e+00;0.545330;4.115550e-01;0.257382;0
911/699/911.jpg;6.537926;-5.010026e+00;-0.801241;2.302578e+00;1.801668;9.651192e-01;0.171100;1.392114e-01;0.131748;0
911/700/911.jpg;9.035708;-5.114890e-02;-0.083626;2.947166e+00;2.648484;1.869531e+00;0.330107;1.877539e-01;0.106311;0
912/701/912.jpg;3.228229;-9.837362e-01;0.949378;4.363602e+00;7.537177;2.746183e+00;0.159009;1.891991e-01;0.181766;0
912/702/912.jpg;6.348971;5.395415e+00;-0.609731;3.190896e+00;3.480577;2.065806e+00;0.099615;1.210883e-01;0.143386;0
912/703/912.jpg;7.376632;3.716628e+00;-0.483194;1.397722e+00;1.203539;6.873071e-01;0.091416;8.896647e-02;0.092336;0
912/704/912.jpg;7.356406;2.279524e+00;3.613961;3.306506e+00;3.414901;1.759957e+00;0.265214;1.806247e-01;0.112351;0
912/705/912.jpg;5.221672;-8.238268e-01;4.018665;7.633868e+00;7.139257;4.711425e+00;0.074163;6.732765e-02;0.069015;0
912/706/912.jpg;5.135008;7.244080e+00;2.836603;3.974008e+00;4.590331;2.090378e+00;0.351967;2.510219e-01;0.159817;0
912/707/912.jpg;8.664525;1.038208e+00;0.666268;8.744593e-01;1.107094;3.657183e-01;0.002541;4.030049e-03;0.029595;0
912/708/912.jpg;6.801343;5.166660e+00;4.714833;2.863641e+00;2.875092;1.570933e+00;0.008082;1.476102e-02;0.035502;0
912/709/912.jpg;6.304450;4.810046e-01;-0.812222;4.841228e+00;6.647035;2.086257e+00;0.199219;2.170938e-01;0.228816;0
913/710/913.jpg;5.278120;1.323088e-02;2.257918;1.020793e+01;10.874763;6.613507e+00;0.250239;1.742809e-01;0.114849;0
913/711/913.jpg;7.436018;2.430882e+00;3.417961;6.485525e+00;6.189220;3.660975e+00;0.226497;1.981263e-01;0.166158;0
913/712/913.jpg;5.152069;5.839441e+00;2.531325;8.448234e+00;9.773012;6.252918e+00;-0.031604;-1.175456e-02;0.024232;0
913/713/913.jpg;8.926146;3.522331e-01;0.359767;1.805611e+00;1.902033;1.270532e+00;0.004465;2.182224e-03;0.028541;0
914/714/914.jpg;2.614478;-3.049460e-01;1.276709;5.255361e+00;6.515206;4.218586e+00;1.047909;1.441019e+00;1.851637;0
914/715/914.jpg;7.081305;2.342432e+00;2.381474;6.121053e+00;6.567038;5.004745e+00;0.227069;1.425363e-01;0.091060;0
914/716/914.jpg;6.118621;3.673141e+00;3.410889;4.662254e+00;4.379453;3.132992e+00;0.142240;8.713472e-02;0.063566;0
914/717/914.jpg;8.252231;2.455623e+00;4.527766;3.432491e+00;3.325666;2.137257e+00;0.316626;1.721698e-01;0.094056;0
914/718/914.jpg;4.392045;4.634946e+00;2.388251;6.689720e+00;5.857920;3.714401e+00;0.402776;2.985822e-01;0.194379;0
914/719/914.jpg;8.335063;1.541348e+00;1.010940;3.081276e+00;2.887061;2.423797e+00;0.461931;3.260550e-01;0.201808;0
915/720/915.jpg;3.982848;1.038227e+00;0.391672;5.694796e+00;4.626646;2.845320e+00;0.484303;3.358153e-01;0.193936;0
915/721/915.jpg;6.656319;3.254013e-01;-0.025132;3.191856e+00;2.787155;1.531389e+00;0.312274;2.041070e-01;0.138708;0
915/722/915.jpg;6.027522;3.391162e+00;1.810151;4.725398e+00;4.563577;2.496667e+00;0.028006;1.540570e-02;0.033051;0
915/723/915.jpg;8.222596;4.795013e-01;0.801796;3.018513e+00;2.287414;1.426097e+00;0.058604;2.723158e-02;0.037219;0
916/724/916.jpg;3.023414;7.181219e-01;0.419491;7.627350e+00;5.612101;3.891481e+00;0.317534;2.206881e-01;0.148284;0
916/725/916.jpg;6.338250;4.034718e+00;3.408168;6.831798e+00;6.501978;4.116385e+00;0.092677;4.775791e-02;0.044189;0
916/726/916.jpg;5.804461;1.343432e-01;-0.287854;2.607306e+00;2.379435;1.403992e+00;0.150657;7.529803e-02;0.055257;0
916/727/916.jpg;8.522746;1.450957e+00;2.731120;5.158427e+00;4.824412;3.008521e+00;0.021677;1.044976e-02;0.030760;0
916/728/916.jpg;4.518165;1.779427e-03;-1.306703;1.474716e+01;7.447893;7.579809e+00;0.063894;6.022560e-02;0.056580;0
917/729/917.jpg;4.538274;-2.335149e-02;1.651964;1.093744e+01;8.688754;5.767993e+00;0.223711;1.420756e-01;0.092698;0
917/730/917.jpg;4.368555;6.239922e+00;0.294190;7.006930e+00;6.086449;3.800044e+00;0.309766;1.791035e-01;0.100611;0
917/731/917.jpg;8.009995;1.125329e+00;0.633925;4.471246e+00;3.960047;2.545936e+00;0.288881;1.503673e-01;0.084173;0
917/732/917.jpg;6.351597;3.372161e+00;2.342350;6.952524e+00;6.272326;4.035614e+00;0.030588;2.566006e-02;0.038861;0
917/733/917.jpg;6.096133;1.618151e+00;1.185531;2.511893e+00;2.477125;1.280043e+00;0.147513;9.974397e-02;0.077795;0
918/734/918.jpg;1.612711;1.046769e-02;0.477745;3.545394e+00;3.231288;2.750781e+00;0.424805;2.937341e-01;0.174483;0
918/735/918.jpg;5.538241;-1.692708e+00;3.928826;7.048978e+00;6.361449;4.345322e+00;0.187175;1.794931e-01;0.160079;0
918/736/918.jpg;4.332813;-1.624609e+00;-3.693973;3.424846e+00;4.214826;2.065325e+00;0.632977;8.106074e-01;1.119436;0
918/737/918.jpg;4.889315;4.195066e+00;2.703464;7.168160e+00;6.528726;3.804553e+00;0.261075;1.992999e-01;0.133207;0
918/738/918.jpg;4.729076;-1.479498e-01;0.076553;1.405653e+01;12.104587;7.588409e+00;2.341936;4.973459e+00;9.184115;0
918/739/918.jpg;8.111909;7.778918e-01;1.114635;8.157357e+00;6.384233;3.900297e+00;0.431753;3.304665e-01;0.222157;0
918/740/918.jpg;7.469359;-3.275271e-01;-0.772349;1.073699e+01;8.246054;5.399843e+00;0.665535;5.622148e-01;0.387898;0
918/741/918.jpg;7.122875;2.956786e+00;4.188625;5.105089e+00;5.264326;3.165549e+00;0.117249;7.094996e-02;0.056347;0
918/742/918.jpg;2.424669;2.270716e-01;0.725289;1.204320e+01;10.266221;7.506050e+00;0.405307;2.931643e-01;0.181558;0
918/743/918.jpg;7.509040;2.116428e-01;3.649423;4.861905e+00;5.293491;2.986326e+00;0.365745;2.640361e-01;0.174014;0
918/744/918.jpg;6.469137;-2.441814e+00;-3.744967;2.600590e+00;3.250476;1.579934e+00;0.270818;3.574768e-01;0.445871;0
918/745/918.jpg;5.618208;7.187030e+00;2.803902;5.350849e+00;5.407550;3.029196e+00;0.051385;3.417177e-02;0.041527;0
919/746/919.jpg;6.151582;-1.978929e+00;3.546684;9.481726e+00;6.858776;4.772089e+00;0.347290;3.443373e-01;0.281659;0
919/747/919.jpg;4.304486;1.153170e+00;1.725663;1.030535e+01;5.395144;3.680940e+00;0.448625;3.350661e-01;0.235186;0
919/748/919.jpg;7.562196;1.488471e+00;-0.265672;5.571126e+00;3.883638;2.945682e+00;0.934511;9.619094e-01;0.808239;0
919/749/919.jpg;6.679198;2.658367e+00;4.250453;3.887017e+00;3.309319;2.015395e+00;0.308823;2.347198e-01;0.155934;0
919/750/919.jpg;7.795490;1.398450e+00;2.535802;5.070437e+00;4.017816;2.585279e+00;0.143764;7.748567e-02;0.056648;0
919/751/919.jpg;4.129710;4.265108e+00;2.116356;7.412995e+00;5.066321;3.352936e+00;0.381081;3.429278e-01;0.261381;0
919/752/919.jpg;8.679006;-1.999247e-01;0.221436;4.704714e+00;2.908223;2.232647e+00;0.267872;1.552895e-01;0.092015;0
920/753/920.jpg;4.846370;1.854550e+00;-2.133548;4.428599e+00;4.364555;3.858817e+00;2.038951;4.156257e+00;7.237817;0
920/754/920.jpg;4.985285;4.432376e+00;2.267249;5.104558e+00;6.118699;3.660936e+00;1.082716;1.412035e+00;1.647958;0
920/755/920.jpg;8.171033;1.216952e+00;3.155558;2.218652e+00;2.757750;1.291315e+00;0.088088;6.508789e-02;0.058058;0
920/756/920.jpg;5.123920;8.608862e-01;2.397319;6.756106e+00;12.783644;5.468830e+00;0.483214;4.777862e-01;0.429221;0
920/757/920.jpg;5.601651;-1.180620e+00;4.072771;5.207006e+00;6.162312;3.418869e+00;0.313144;2.200190e-01;0.141053;0
920/758/920.jpg;7.211166;2.936681e+00;4.534827;2.810376e+00;2.932720;1.733389e+00;0.355918;2.407796e-01;0.152242;0
920/759/920.jpg;8.850785;4.600284e-01;1.165022;3.188210e+00;4.530826;2.064506e+00;0.223265;1.333591e-01;0.084322;0
920/760/920.jpg;5.041616;9.205967e+00;1.048933;3.924521e+00;3.983718;3.026384e+00;0.662519;6.989241e-01;0.693823;0
920/761/920.jpg;5.368651;-2.690575e+00;-3.196428;4.668060e+00;4.522370;3.455666e+00;0.926759;1.452260e+00;2.449502;0
920/762/920.jpg;6.363464;6.074168e+00;3.597678;3.347890e+00;3.181895;2.490677e+00;0.687864;6.510216e-01;0.514083;0
921/763/921.jpg;3.253185;2.502093e-01;0.541228;3.672230e+00;2.694374;1.948014e+00;0.317229;1.938518e-01;0.112328;0
921/764/921.jpg;3.905170;4.895428e+00;0.298701;5.552715e+00;3.792852;2.881746e+00;0.409141;3.260238e-01;0.242442;0
921/765/921.jpg;7.597452;6.065539e-01;-0.164269;4.835731e+00;3.147970;2.425478e+00;0.478204;3.854603e-01;0.261611;0
921/766/921.jpg;5.156651;8.155351e+00;0.380524;6.680761e+00;4.532523;3.071348e+00;0.615267;5.498353e-01;0.420740;0
921/767/921.jpg;5.370739;9.989608e-01;1.521548;8.805660e+00;9.230524;5.258716e+00;0.463996;3.486934e-01;0.215321;0
921/768/921.jpg;6.361946;5.208099e+00;1.003422;9.851134e+00;6.408500;4.153621e+00;0.253971;1.967397e-01;0.140960;0
921/769/921.jpg;7.766216;2.670543e+00;2.548046;5.798220e+00;4.729701;3.001425e+00;0.031703;2.522184e-02;0.039630;0
921/770/921.jpg;5.156005;1.130989e+01;0.265502;2.405832e+00;1.720074;1.457417e+00;0.407044;3.126527e-01;0.200888;0
922/771/922.jpg;2.956334;6.024274e-01;0.731906;4.145140e+00;3.190502;2.377237e+00;0.901373;8.951329e-01;0.687222;0
922/772/922.jpg;7.262607;1.622209e+00;2.608138;6.052361e+00;5.785229;3.581075e+00;0.354404;2.379379e-01;0.142088;0
922/773/922.jpg;5.144751;4.299281e+00;2.488754;6.395153e+00;5.346126;3.466803e+00;0.182340;1.092167e-01;0.073547;0
922/774/922.jpg;5.916758;-1.494723e+00;3.742777;6.348024e+00;9.450097;4.258160e+00;0.508769;5.501574e-01;0.517404;0
922/775/922.jpg;4.973688;2.116204e+00;2.657716;7.407924e+00;5.969235;3.728449e+00;0.531667;4.104214e-01;0.259096;0
922/776/922.jpg;8.513560;1.055324e+00;1.749712;4.686421e+00;4.372343;2.905879e+00;0.335940;2.121732e-01;0.120886;0
922/777/922.jpg;4.455428;7.921698e+00;0.973836;5.940749e+00;5.142814;3.569799e+00;0.064163;4.098371e-02;0.044091;0
922/778/922.jpg;7.801512;1.631021e+00;4.640173;3.154668e+00;2.564682;1.582345e+00;0.231137;1.457004e-01;0.096382;0
922/779/922.jpg;4.426002;-6.786782e-02;2.171367;9.091221e+00;8.604333;4.948799e+00;0.873286;9.340335e-01;0.819003;0
