DY
824
11
attr0;attr1;attr2;attr3;attr4;attr5;attr6;attr7;attr8;attr9;attr10
10/1/10.jpg;4.341172;2.001338e+00;0.743449;4.005837e+00;4.166342;1.814734e+00;0.393258;3.098684e-01;0.206501;0
10/2/10.jpg;6.793897;1.998718e-01;0.389372;3.082611e+00;3.164081;1.274454e+00;0.369691;2.613573e-01;0.174451;0
10/3/10.jpg;6.730124;3.588253e+00;3.272697;2.223792e+00;2.234794;9.795159e-01;0.222236;1.488565e-01;0.097086;0
10/4/10.jpg;8.981645;1.354628e-01;0.377608;1.493111e+00;1.515786;6.615807e-01;0.314034;1.668340e-01;0.092633;0
10/5/10.jpg;5.068696;7.103896e+00;1.503571;4.552985e+00;4.266126;2.378672e+00;0.625489;6.262805e-01;0.504969;0
10/6/10.jpg;7.469415;2.286296e+00;1.628419;2.378443e+00;2.400872;1.046234e+00;0.191173;1.173418e-01;0.078027;0
11/7/11.jpg;4.277287;4.689561e-01;0.613943;3.829218e+00;4.280950;2.076191e+00;0.551835;4.480687e-01;0.297479;0
11/8/11.jpg;6.148430;2.823883e+00;1.834825;3.671543e+00;4.595876;2.148485e+00;0.018226;1.996711e-02;0.036743;0
11/9/11.jpg;8.507633;3.460268e-01;0.487029;3.631331e+00;3.693452;1.825967e+00;0.087277;3.881406e-02;0.040098;0
11/10/11.jpg;7.196717;-4.244354e-03;3.175476;3.980905e+00;4.152944;2.695538e+00;0.107459;5.590311e-02;0.050790;0
11/11/11.jpg;6.139463;-1.935635e+00;-2.113874;5.152050e+00;6.264494;3.199352e+00;0.417818;4.537610e-01;0.463979;0
12/12/12.jpg;3.070458;1.735570e+00;0.423660;3.280790e+00;2.859869;1.538895e+00;0.699879;5.530864e-01;0.350543;0
12/13/12.jpg;4.208752;4.764065e+00;1.388464;2.976898e+00;2.696478;1.208102e+00;0.748055;6.800181e-01;0.482354;0
12/14/12.jpg;6.556457;-1.055793e-01;1.473031;5.013204e+00;4.516389;2.152134e+00;0.239741;1.714643e-01;0.116809;0
12/15/12.jpg;6.506245;2.953971e+00;1.803496;2.804946e+00;2.764212;1.198258e+00;0.286444;1.768931e-01;0.111828;0
12/16/12.jpg;4.626129;2.768200e-01;0.988008;5.611278e+00;5.604850;2.521682e+00;0.318191;2.055911e-01;0.124551;0
12/17/12.jpg;5.851831;7.798503e+00;2.015901;2.374514e+00;1.839669;1.009266e+00;0.425495;4.173531e-01;0.355199;0
12/18/12.jpg;8.725036;1.778596e-01;0.363308;2.524522e+00;2.729621;1.089540e+00;0.069823;5.167505e-02;0.050939;0
12/19/12.jpg;8.079291;1.777488e+00;5.626493;2.770421e+00;3.154221;1.412014e+00;0.531295;7.044841e-01;0.840945;0
13/20/13.jpg;3.452934;1.171982e+00;0.494124;5.431913e+00;6.666411;3.600644e+00;0.182186;1.042149e-01;0.068190;0
13/21/13.jpg;6.020133;-8.203666e-01;3.465223;5.801769e+00;5.223233;3.878495e+00;0.288207;1.969973e-01;0.126788;0
13/22/13.jpg;4.685978;4.087273e+00;1.409549;6.007638e+00;6.325777;3.411688e+00;0.547859;4.208044e-01;0.260446;0
13/23/13.jpg;6.672411;5.547263e-01;0.572000;5.688335e+00;6.526953;3.126236e+00;0.467932;3.508618e-01;0.224365;0
13/24/13.jpg;5.202880;-1.094972e-01;-1.725890;7.510449e+00;7.724081;5.071806e+00;0.899642;8.622370e-01;0.676665;0
13/25/13.jpg;7.743559;1.482080e+00;3.784253;3.594025e+00;7.201664;2.544906e+00;0.320360;2.593940e-01;0.185121;0
13/26/13.jpg;6.093806;2.087394e+00;1.727878;5.606160e+00;7.466096;3.375842e+00;0.214567;1.526868e-01;0.102759;0
13/27/13.jpg;8.634097;1.520131e-01;0.008499;3.401042e+00;4.912556;1.937456e+00;0.357002;2.542365e-01;0.174176;0
14/28/14.jpg;5.485362;2.031906e-01;1.043230;3.767905e+00;4.389268;2.378822e+00;0.029648;1.776417e-02;0.035425;0
14/29/14.jpg;8.469798;-1.131120e+00;3.968348;2.440520e+00;2.107135;1.588226e+00;0.080424;8.938587e-02;0.076085;0
14/30/14.jpg;8.086923;-1.359669e-02;0.615293;3.225374e+00;3.198646;1.944569e+00;0.098447;6.338971e-02;0.056544;0
15/31/15.jpg;8.919926;1.046302e-01;0.200767;1.571031e+00;1.823966;7.550588e-01;0.135144;9.104344e-02;0.072400;0
15/32/15.jpg;2.736549;1.023352e+00;0.363933;3.810971e+00;4.126427;2.503738e+00;0.322276;2.183074e-01;0.140314;0
15/33/15.jpg;6.572032;3.548117e+00;2.907658;3.988196e+00;4.972969;1.921679e+00;0.362017;2.761484e-01;0.181403;0
15/34/15.jpg;3.963227;4.464795e+00;1.277031;2.664958e+00;3.019868;1.374934e+00;0.063462;3.836731e-02;0.043399;0
15/35/15.jpg;8.154990;1.286515e+00;2.374962;3.670256e+00;4.103307;1.619318e+00;0.415494;3.337542e-01;0.231120;0
15/36/15.jpg;6.139246;4.835372e-01;1.029645;3.867640e+00;5.932574;2.082515e+00;0.510639;3.660853e-01;0.221251;0
15/37/15.jpg;8.322167;1.754444e+00;5.302768;2.979714e+00;3.717458;1.428645e+00;0.414237;3.659132e-01;0.275558;0
15/38/15.jpg;5.015086;7.839267e+00;1.982241;4.259930e+00;3.763614;2.225267e+00;0.125855;1.245353e-01;0.103773;0
15/39/15.jpg;8.112830;-8.329102e-01;-1.187402;1.453981e+00;1.197117;5.254635e-01;0.246104;2.119143e-01;0.157384;0
15/40/15.jpg;4.609031;1.948647e+00;1.664616;4.655739e+00;6.474328;2.353098e+00;0.319907;2.373611e-01;0.152442;0
16/41/16.jpg;2.843971;1.711387e+00;-0.125999;1.933348e+00;2.247569;9.571156e-01;0.508395;3.810305e-01;0.243559;0
16/42/16.jpg;6.115539;2.188887e+00;0.408784;3.080988e+00;3.189880;1.570591e+00;0.095865;4.350999e-02;0.041279;0
16/43/16.jpg;4.118038;4.611197e+00;0.143053;2.165340e+00;2.298375;1.063726e+00;0.125432;7.579222e-02;0.062874;0
16/44/16.jpg;7.793073;1.260173e+00;0.635394;3.448768e+00;3.424335;2.039784e+00;0.071040;3.495724e-02;0.040021;0
17/45/17.jpg;2.286074;4.381462e-01;-0.290775;1.832877e+00;1.451860;7.376023e-01;0.653207;7.408612e-01;0.630702;0
17/46/17.jpg;6.436765;9.604857e-01;2.313428;5.734824e+00;4.756855;3.111588e+00;0.079890;7.684927e-02;0.069094;0
17/47/17.jpg;5.004466;1.206575e+00;0.105446;4.296575e+00;3.392879;1.827832e+00;0.265573;1.771825e-01;0.111837;0
17/48/17.jpg;8.751783;2.577735e-01;-0.096918;4.166222e+00;3.301560;1.822184e+00;0.207253;1.554627e-01;0.125628;0
17/49/17.jpg;3.578991;1.769062e+00;-0.195041;3.272232e+00;2.471763;1.287592e+00;0.271518;1.919501e-01;0.139372;0
17/50/17.jpg;6.398452;3.320367e+00;2.327582;4.413587e+00;3.504158;2.214370e+00;0.029685;2.537798e-02;0.039780;0
18/51/18.jpg;2.652468;3.853392e-01;0.102375;7.663729e-01;0.955283;4.768409e-01;0.360089;1.855231e-01;0.094318;0
18/52/18.jpg;7.149553;1.581232e+00;1.597894;4.414310e+00;4.202985;2.619832e+00;0.167221;1.220241e-01;0.090721;0
18/53/18.jpg;5.067649;4.189656e+00;2.110585;4.943618e+00;5.116160;3.133771e+00;0.097703;9.541015e-02;0.087021;0
18/54/18.jpg;5.490569;1.251936e+01;-0.042244;7.475005e-01;1.200274;4.134288e-01;-0.014647;9.534235e-05;0.029091;0
18/55/18.jpg;3.698359;2.094772e+00;0.747116;3.182063e+00;3.568270;2.108906e+00;0.195092;1.135815e-01;0.073610;0
18/56/18.jpg;8.175092;9.715459e-02;-0.480783;3.351665e+00;3.240153;2.313090e+00;0.509107;3.913212e-01;0.253508;0
19/57/19.jpg;4.601243;6.088675e-01;1.007299;6.491596e+00;7.623195;4.097792e+00;0.092133;8.151878e-02;0.085811;0
19/58/19.jpg;7.398373;2.451776e+00;2.204444;4.772913e+00;3.997988;2.511432e+00;0.091824;6.424388e-02;0.058083;0
19/59/19.jpg;6.505569;7.052152e-01;0.762213;4.950770e+00;5.882001;3.298324e+00;0.017890;1.308737e-02;0.032923;0
19/60/19.jpg;8.592185;4.469615e-01;0.299522;5.040338e+00;5.649112;3.188613e+00;0.188639;1.728003e-01;0.159991;0
20/61/20.jpg;3.219440;9.999077e-01;0.037758;1.995775e+00;2.297557;8.566367e-01;0.445174;2.736896e-01;0.150334;0
20/62/20.jpg;7.417047;1.000026e+00;0.313965;2.663903e+00;2.113797;9.478666e-01;0.047795;2.174690e-02;0.034710;0
20/63/20.jpg;5.198899;2.585825e+00;0.761735;3.438097e+00;3.195993;1.307805e+00;0.134754;7.939953e-02;0.061240;0
100/64/100.jpg;5.573042;1.100841e+00;-0.133349;1.082036e+01;10.389769;5.349738e+00;0.415480;3.345754e-01;0.230646;1
100/65/100.jpg;2.856604;2.078377e+00;-0.642799;1.013069e+01;10.129480;5.681001e+00;0.441189;4.618750e-01;0.412067;1
100/66/100.jpg;6.834335;-2.108191e-01;-0.656535;5.232471e+00;4.928102;2.533641e+00;0.222855;1.445223e-01;0.097848;1
100/67/100.jpg;6.416903;5.623038e+00;2.447807;3.727840e+00;3.143822;1.682284e+00;0.602803;5.032570e-01;0.324411;1
100/68/100.jpg;6.582651;-2.098924e+00;-4.598677;2.295631e+00;2.072071;1.366890e+00;0.243863;2.650537e-01;0.231222;1
100/69/100.jpg;7.030938;2.059508e+00;1.307590;6.118065e+00;7.503668;3.316879e+00;0.352463;2.669843e-01;0.170229;1
100/70/100.jpg;8.488246;6.499814e-01;-0.167662;5.092289e+00;6.585440;2.702728e+00;0.185607;1.464425e-01;0.105373;1
100/71/100.jpg;8.019550;2.946512e+00;7.048292;3.546232e+00;3.990380;1.732373e+00;-0.013202;3.693251e-03;0.031224;1
100/72/100.jpg;4.549914;6.273707e-02;-1.895948;1.068844e+01;9.903586;5.359857e+00;0.615432;6.712952e-01;0.647020;1
100/73/100.jpg;4.170872;4.337466e+00;0.578844;8.599865e+00;7.911665;4.369020e+00;0.334549;2.537712e-01;0.172138;1
101/74/101.jpg;4.955137;3.229599e+00;1.194677;7.141168e+00;8.758142;4.469266e+00;0.101736;7.523380e-02;0.065412;1
101/75/101.jpg;7.341316;-3.175328e+00;-3.538045;7.711572e-01;0.410547;3.468114e-01;-0.018926;-2.716362e-03;0.027761;1
101/76/101.jpg;8.708844;-1.990096e-01;-0.058765;3.067952e+00;2.755311;1.914347e+00;-0.032530;-1.581815e-02;0.022242;1
102/77/102.jpg;7.841962;-1.507813e+00;-0.875067;1.630706e+00;1.069936;6.688870e-01;0.069560;5.562606e-02;0.054092;1
102/78/102.jpg;6.539825;-3.128962e+00;-2.462135;9.827780e-01;0.717533;4.886542e-01;0.076092;7.765624e-02;0.072314;1
102/79/102.jpg;7.900294;2.498755e-02;0.624798;4.039672e+00;2.921716;1.998915e+00;0.019793;2.965681e-02;0.042638;1
103/80/103.jpg;5.356176;-1.003617e+00;-3.162229;1.645220e+00;0.568644;5.436410e-01;0.021486;3.278970e-02;0.044734;1
103/81/103.jpg;6.404868;1.473657e+00;1.341597;6.263688e+00;4.379285;3.016371e+00;0.168373;1.048295e-01;0.076807;1
103/82/103.jpg;3.815646;-2.253929e+00;-5.578197;1.106626e+00;0.443797;3.710532e-01;0.029019;2.953537e-02;0.040985;1
103/83/103.jpg;8.163911;7.313153e-01;1.006044;1.889373e+00;1.464766;9.348676e-01;-0.028609;-1.509377e-02;0.022327;1
104/84/104.jpg;6.700961;-8.602242e-01;-1.201977;6.234463e+00;5.485410;3.485101e+00;0.401328;2.706535e-01;0.162073;1
104/85/104.jpg;6.695267;-3.393135e+00;-5.245165;1.870713e+00;1.521011;1.195040e+00;0.154953;1.688394e-01;0.131334;1
104/86/104.jpg;8.313582;-2.620149e-01;-0.282437;3.006460e+00;2.381523;1.828246e+00;-0.035321;-1.399351e-02;0.023506;1
105/87/105.jpg;3.430524;-3.359512e-01;0.743873;1.739376e+00;2.370772;1.017358e+00;0.520612;4.842739e-01;0.380846;1
105/88/105.jpg;3.881031;2.127042e+00;-3.017119;3.273394e+00;3.156818;1.626380e+00;0.572777;5.548834e-01;0.452496;1
105/89/105.jpg;6.727121;3.176964e+00;2.715695;1.105465e+00;1.471173;6.597667e-01;0.164814;8.788652e-02;0.060056;1
105/90/105.jpg;4.892660;6.125837e+00;-3.125887;3.916669e+00;3.924746;2.177451e+00;1.655108;2.634681e+00;3.585923;1
105/91/105.jpg;4.176995;-1.307680e+00;-1.782703;1.759892e+00;1.932117;8.920389e-01;0.016038;4.005077e-02;0.075412;1
105/92/105.jpg;5.450818;5.078235e+00;-5.454212;3.337081e+00;3.276103;1.907938e+00;0.366445;2.468937e-01;0.145341;1
105/93/105.jpg;8.064353;2.135373e+00;2.125643;1.727968e+00;1.755199;9.617583e-01;0.202766;1.393115e-01;0.098440;1
105/94/105.jpg;4.844146;8.858456e+00;-1.838036;3.180378e+00;3.278047;1.920107e+00;0.750549;6.952912e-01;0.543620;1
105/95/105.jpg;4.697724;1.664493e+00;1.611119;1.908831e+00;2.799104;9.580151e-01;0.565930;4.570559e-01;0.307308;1
105/96/105.jpg;6.549226;3.213838e+00;-1.466242;5.276166e+00;4.778071;2.451007e+00;1.384250;2.152595e+00;3.248368;1
106/97/106.jpg;6.216123;6.265378e-01;0.511374;1.213917e+01;11.632097;6.295103e+00;0.093621;7.877372e-02;0.066077;1
106/98/106.jpg;7.088000;-2.052375e+00;-3.273466;3.634782e+00;1.589118;1.386495e+00;0.131778;1.007579e-01;0.086345;1
106/99/106.jpg;8.717362;6.075467e-01;0.958521;2.025467e+00;1.436489;1.057026e+00;0.023474;2.875956e-02;0.041647;1
106/100/106.jpg;6.379847;-3.926839e+00;-5.889941;7.248039e-01;0.208492;2.099952e-01;0.117206;1.188624e-01;0.093628;1
107/101/107.jpg;4.983544;-8.831545e-02;0.620691;1.397345e+01;12.366666;7.683213e+00;0.194608;1.420796e-01;0.100420;1
107/102/107.jpg;7.376974;-4.088380e+00;-2.367009;7.566431e-01;0.444524;3.501309e-01;0.080634;8.429512e-02;0.072989;1
107/103/107.jpg;7.900044;4.666478e-01;0.731053;8.070780e+00;6.246463;4.441968e+00;0.028004;2.956525e-02;0.041653;1
107/104/107.jpg;8.138457;-2.258041e+00;-1.025946;2.022334e+00;1.855806;1.158569e+00;0.047152;5.176633e-02;0.056299;1
108/105/108.jpg;4.462236;1.065889e-01;0.023293;7.049600e+00;5.121983;3.417810e+00;0.396486;2.711368e-01;0.175293;1
108/106/108.jpg;7.744157;1.807312e-01;1.558736;2.765608e+00;1.858922;1.413838e+00;0.026469;8.528633e-03;0.029392;1
108/107/108.jpg;6.602454;3.133340e+00;1.614368;5.005299e+00;3.611477;2.519214e+00;0.096992;4.767452e-02;0.043783;1
109/108/109.jpg;1.597383;4.491556e-01;-0.203315;9.192697e+00;8.467725;6.381589e+00;0.230421;1.617055e-01;0.115028;1
109/109/109.jpg;5.001667;5.709793e-01;0.409738;1.306585e+01;12.711509;8.363486e+00;0.342842;2.535391e-01;0.162682;1
109/110/109.jpg;4.146766;-2.029697e+00;-2.878619;3.593924e+00;2.253832;1.947142e+00;0.070530;2.831404e-02;0.035663;1
109/111/109.jpg;7.827917;2.817723e-01;0.726597;5.656176e+00;4.809585;3.398597e+00;0.030379;1.369380e-02;0.031926;1
110/112/110.jpg;4.039983;9.932149e-01;0.079438;1.030970e+01;8.598852;6.271303e+00;0.159159;1.684686e-01;0.135248;1
110/113/110.jpg;4.954909;-2.997396e+00;-1.783094;2.428168e+00;1.412774;1.165151e+00;0.068686;7.095560e-02;0.071442;1
110/114/110.jpg;7.225457;6.489593e-01;0.761779;6.465290e+00;5.620917;3.628215e+00;0.089701;5.134316e-02;0.048223;1
110/115/110.jpg;5.503266;-3.283557e+00;-3.959821;6.915765e-01;0.423296;4.284068e-01;0.136814;1.372773e-01;0.111643;1
110/116/110.jpg;5.757393;2.374754e+00;1.512752;9.442961e+00;9.833332;6.004197e+00;0.276114;1.677693e-01;0.105176;1
111/117/111.jpg;3.096902;2.968750e-01;-0.582122;6.902436e+00;9.136943;5.354559e+00;0.186745;1.291892e-01;0.091039;1
111/118/111.jpg;5.709996;-1.940622e+00;-4.586869;2.155987e+00;2.874905;1.704083e+00;0.294669;1.723501e-01;0.104313;1
111/119/111.jpg;6.191988;7.595146e-01;2.886436;5.339481e+00;4.908550;3.466440e+00;0.468310;3.028304e-01;0.166899;1
111/120/111.jpg;7.200215;-2.311490e+00;-2.321146;2.265244e+00;1.864555;1.194128e+00;0.184730;1.430907e-01;0.113162;1
111/121/111.jpg;4.663533;-1.371850e+00;1.830450;7.004632e+00;6.983248;4.896990e+00;0.261676;1.503575e-01;0.091565;1
111/122/111.jpg;4.858801;-3.082875e+00;-7.428027;8.799573e-01;0.789467;5.875730e-01;0.100731;6.848061e-02;0.061554;1
111/123/111.jpg;8.096373;2.385902e-01;0.063655;3.533962e+00;2.583593;1.557323e+00;0.140711;1.300311e-01;0.099880;1
111/124/111.jpg;6.494500;-4.447800e+00;-4.855679;1.078012e+00;0.991193;5.928313e-01;0.079888;5.985795e-02;0.057013;1
112/125/112.jpg;5.220566;1.650023e+00;0.469287;3.568607e+00;3.534052;2.313731e+00;-0.022842;-1.044262e-02;0.024146;1
112/126/112.jpg;7.523098;-2.511753e+00;-3.097694;1.535098e+00;0.822219;5.795395e-01;-0.022851;-1.769902e-03;0.031089;1
112/127/112.jpg;8.099583;3.893589e-01;0.573160;2.737932e+00;3.385301;1.875263e+00;0.124928;8.653780e-02;0.070707;1
112/128/112.jpg;5.739388;-3.831227e+00;-7.262255;3.735043e-01;0.167721;1.607897e-01;0.013799;2.619154e-02;0.044842;1
113/129/113.jpg;7.180116;-9.148952e-01;-1.533896;3.885069e+00;1.886271;1.535489e+00;-0.034964;-1.306056e-02;0.023916;1
113/130/113.jpg;4.264223;3.312625e-01;-0.218400;1.573128e+01;14.563078;1.211541e+01;0.131207;1.506356e-01;0.119301;1
114/131/114.jpg;2.527330;3.428482e-01;0.122438;1.104880e+01;10.774927;8.343465e+00;0.423742;4.257511e-01;0.332174;1
114/132/114.jpg;4.759079;-1.167002e+00;0.906879;9.819551e+00;9.551651;7.325990e+00;0.168200;1.310230e-01;0.095176;1
114/133/114.jpg;4.918521;-1.950229e+00;-5.029636;3.113555e+00;3.191190;2.326051e+00;0.099973;1.161171e-01;0.096838;1
114/134/114.jpg;8.697565;-4.596199e-01;-0.410026;3.346704e+00;2.202840;1.617530e+00;0.329604;1.887251e-01;0.109498;1
114/135/114.jpg;4.777909;1.860064e+00;0.656292;8.640990e+00;9.152690;6.364716e+00;0.221532;1.833179e-01;0.140985;1
114/136/114.jpg;6.360887;5.711562e-02;1.236145;8.296503e+00;7.583548;5.850408e+00;0.143272;7.556026e-02;0.058472;1
115/137/115.jpg;6.827257;-3.037098e+00;-1.303042;1.071741e+00;0.843471;6.175648e-01;0.349445;3.142011e-01;0.237743;1
115/138/115.jpg;4.144579;-2.614922e+00;1.702929;6.075714e+00;5.682151;3.965513e+00;0.183725;1.499819e-01;0.108371;1
115/139/115.jpg;8.480419;3.055888e-01;0.398486;2.585256e+00;2.050471;1.215479e+00;0.045349;5.604919e-02;0.057670;1
115/140/115.jpg;5.910554;-1.673598e+00;0.587382;7.208128e+00;6.576892;4.495394e+00;0.105446;8.955456e-02;0.075330;1
115/141/115.jpg;7.973801;-1.204902e+00;-0.306086;1.220405e+00;0.917388;6.484861e-01;0.176498;1.507198e-01;0.108369;1
116/142/116.jpg;3.222643;8.493897e-01;-1.165046;9.741668e+00;8.034293;4.654120e+00;1.113317;1.472030e+00;1.876231;1
116/143/116.jpg;5.863952;2.444930e+00;1.405627;9.945318e+00;7.264726;4.623150e+00;0.175942;1.032033e-01;0.075855;1
116/144/116.jpg;5.160903;-6.265762e-01;-3.600489;2.936981e+00;1.377133;1.179357e+00;0.046354;2.594767e-02;0.038930;1
116/145/116.jpg;7.568899;1.207121e+00;0.696884;6.301343e+00;5.342369;3.119896e+00;0.080163;3.746304e-02;0.039919;1
116/146/116.jpg;5.685001;7.597795e-01;-0.488837;6.042139e+00;5.013737;3.020382e+00;0.328640;2.715961e-01;0.197953;1
116/147/116.jpg;5.795223;5.579824e+00;2.034054;6.417452e+00;4.255809;2.918794e+00;0.109447;7.009104e-02;0.059555;1
117/148/117.jpg;4.936121;8.249152e-01;0.455641;1.633459e+01;10.999341;8.135008e+00;0.304132;2.680745e-01;0.202807;1
117/149/117.jpg;8.355097;-1.039659e+00;-0.938435;1.917125e+00;1.070325;8.014292e-01;-0.012552;4.164801e-03;0.031104;1
117/150/117.jpg;7.991980;2.869203e-01;0.362469;6.399110e+00;4.510812;3.379432e+00;0.064310;4.903634e-02;0.050016;1
118/151/118.jpg;5.987033;-4.444629e-01;-1.314140;3.487551e+00;2.008303;1.589741e+00;0.022817;1.727348e-02;0.035843;1
118/152/118.jpg;8.309040;-1.392022e-01;-1.196548;1.893522e+00;1.078035;7.784953e-01;0.090933;6.715091e-02;0.057106;1
118/153/118.jpg;6.794083;8.698886e-01;0.519459;1.021177e+01;6.871144;4.444272e+00;0.050492;3.297924e-02;0.043366;1
119/154/119.jpg;4.179602;-1.837957e+00;-0.552688;8.009182e+00;6.280694;4.269761e+00;0.016172;2.413720e-02;0.040638;1
119/155/119.jpg;8.480786;4.209559e-01;1.164350;3.733732e+00;3.239858;2.129822e+00;-0.000910;1.570729e-02;0.036512;1
119/156/119.jpg;7.105194;-2.219157e+00;-2.826632;1.136195e+00;0.818003;7.158900e-01;0.113686;8.707774e-02;0.074603;1
120/157/120.jpg;7.923591;2.341832e-01;0.270852;2.635477e+00;1.745270;1.266431e+00;0.003853;-5.264457e-04;0.026800;1
120/158/120.jpg;5.856721;-9.569935e-01;-1.097753;3.663702e+00;2.236725;1.558596e+00;0.193295;1.300866e-01;0.086530;1
121/159/121.jpg;7.665131;4.445796e-01;0.166667;6.520916e+00;5.532037;3.187847e+00;0.070593;6.356571e-02;0.057776;1
121/160/121.jpg;5.204219;1.915183e-01;-1.932586;2.639944e+00;1.401789;1.020695e+00;-0.016948;-3.363935e-03;0.027367;1
122/161/122.jpg;4.399739;-1.148647e+00;-0.170868;5.982344e+00;3.590351;2.610564e+00;0.178251;1.054242e-01;0.072960;1
122/162/122.jpg;6.952248;-2.816530e+00;-2.661979;2.246992e+00;0.974384;7.361565e-01;0.019158;1.496828e-02;0.034112;1
122/163/122.jpg;7.526323;-1.274220e-01;-0.013981;7.570935e+00;4.668769;3.477817e+00;0.190159;9.334984e-02;0.062415;1
123/164/123.jpg;5.304548;-1.998342e+00;-4.323521;4.371181e+00;1.611811;9.522650e-01;0.002995;1.201045e-02;0.034948;1
123/165/123.jpg;8.268224;7.291094e-01;0.960336;2.066123e+00;1.696630;9.022314e-01;-0.037355;-1.426574e-02;0.023496;1
123/166/123.jpg;6.576883;-7.809778e-01;-2.513464;3.630785e+00;2.432799;1.053889e+00;0.200864;2.152295e-01;0.174341;1
124/167/124.jpg;4.081452;1.587956e+00;0.890103;7.931259e+00;4.052428;2.524132e+00;0.266846;1.786303e-01;0.115036;1
124/168/124.jpg;6.717023;4.395085e-01;1.035455;3.652312e+00;2.292188;1.459797e+00;0.141772;6.803704e-02;0.053477;1
124/169/124.jpg;5.346742;-1.216471e+00;-3.315401;8.293905e+00;4.044073;2.373966e+00;0.055226;7.058088e-02;0.070361;1
124/170/124.jpg;8.650387;7.668135e-03;-0.147940;1.547265e+00;0.732363;5.981321e-01;0.095949;5.242851e-02;0.049328;1
125/171/125.jpg;5.564130;-2.986708e+00;-1.622517;2.912234e+00;1.259469;9.016210e-01;0.142730;1.258905e-01;0.094907;1
125/172/125.jpg;5.836732;5.492717e+00;0.419227;4.106701e+00;4.664417;2.554679e+00;0.502956;3.812638e-01;0.234297;1
125/173/125.jpg;6.586163;-6.668712e-01;-1.215475;1.232076e+00;0.513616;3.896407e-01;0.115969;7.723791e-02;0.063246;1
125/174/125.jpg;7.984119;-3.729001e-02;0.430910;2.117255e+00;1.317798;9.060606e-01;0.021505;2.316760e-02;0.038392;1
126/175/126.jpg;8.018784;7.080021e-01;2.324769;2.285407e+00;1.664323;1.296916e+00;-0.000141;3.733583e-03;0.030254;1
126/176/126.jpg;7.628650;-3.044748e+00;-3.388902;6.174569e-01;0.267404;2.242181e-01;-0.030138;-1.117840e-02;0.024570;1
127/177/127.jpg;7.574462;2.339759e-02;-0.007430;3.340516e+00;3.951992;2.073631e+00;0.028034;3.888876e-02;0.047542;1
127/178/127.jpg;7.317744;-1.406585e+00;-1.914682;1.566232e+00;1.012078;7.153261e-01;-0.010408;3.882187e-05;0.028526;1
128/179/128.jpg;2.292095;-2.406250e-01;0.534114;1.019918e+01;10.930640;6.725696e+00;0.429511;3.688481e-01;0.270503;1
128/180/128.jpg;6.811722;-1.257785e+00;-1.324158;2.791638e+00;2.856158;1.419261e+00;0.126147;1.047752e-01;0.079916;1
128/181/128.jpg;5.270236;-1.540079e-01;1.793566;8.981390e+00;9.371009;5.602454e+00;0.462599;3.271020e-01;0.191415;1
128/182/128.jpg;8.363080;1.649310e-01;0.388746;3.607754e+00;3.222856;1.780169e+00;0.027687;2.115645e-02;0.036684;1
129/183/129.jpg;4.553449;6.530088e-02;0.105229;8.639922e+00;6.626613;4.120335e+00;0.194231;1.724446e-01;0.127644;1
129/184/129.jpg;7.574751;5.253906e-01;0.194315;4.012042e+00;2.799088;1.953630e+00;0.134096;6.744015e-02;0.051993;1
129/185/129.jpg;6.269593;-6.813666e-01;-0.727847;2.415284e+00;1.405095;1.126848e+00;0.039744;3.176936e-02;0.040935;1
130/186/130.jpg;8.266283;-9.104870e-02;-0.571364;1.357048e+00;0.437852;3.560767e-01;-0.046812;-2.136920e-02;0.020828;1
130/187/130.jpg;7.182983;6.673433e-01;2.943597;3.592324e+00;2.271596;1.976095e+00;-0.039401;-1.678387e-02;0.022450;1
131/188/131.jpg;8.211315;3.909697e-01;0.012610;1.037934e+00;0.578089;4.753591e-01;-0.033493;-1.435688e-02;0.023150;1
131/189/131.jpg;3.941762;3.606606e-01;0.587362;4.608351e+00;4.331348;2.845149e+00;-0.038792;-1.546227e-02;0.022989;1
132/190/132.jpg;5.624150;1.286899e+00;1.656059;7.452640e+00;8.136433;5.551583e+00;0.236399;1.289366e-01;0.081886;1
132/191/132.jpg;7.299257;-3.210435e-01;-2.117221;1.916987e+00;1.747401;1.136888e+00;0.092888;6.224756e-02;0.056065;1
132/192/132.jpg;8.621769;4.205088e-01;0.779720;3.090931e+00;1.902128;1.414883e+00;0.123487;1.480614e-01;0.124831;1
132/193/132.jpg;5.927822;-1.435089e+00;-5.272334;6.282308e-01;0.511571;3.728663e-01;0.003062;1.521283e-02;0.040017;1
132/194/132.jpg;6.567761;1.013058e+00;4.212741;6.276308e+00;6.070775;5.088340e+00;0.096492;4.444077e-02;0.041848;1
133/195/133.jpg;3.210282;3.805108e-01;0.427876;8.236715e+00;8.159996;6.510770e+00;0.478601;4.342803e-01;0.328474;1
133/196/133.jpg;6.983142;-1.488909e+00;-2.965338;2.240666e+00;1.556914;1.173671e+00;0.137580;8.501817e-02;0.066706;1
133/197/133.jpg;8.841415;1.820232e-02;0.245151;2.383503e+00;2.082341;1.648621e+00;-0.013684;-1.374014e-03;0.028200;1
133/198/133.jpg;5.777698;-2.965897e+00;-5.016571;1.304915e+00;0.707079;5.989289e-01;-0.026573;-1.109547e-02;0.024013;1
133/199/133.jpg;5.486271;-6.411007e-01;2.698039;6.930894e+00;6.704764;5.236308e+00;0.229806;1.394365e-01;0.095548;1
134/200/134.jpg;5.044091;1.051068e+00;1.416099;9.932327e+00;8.075809;6.057596e+00;0.251862;2.293495e-01;0.200820;1
134/201/134.jpg;5.982398;-9.634802e-01;-0.789737;7.013571e+00;4.729789;3.857264e+00;0.011183;1.522531e-02;0.037572;1
134/202/134.jpg;7.868665;-4.951000e-01;0.143809;3.486199e+00;2.645016;2.050531e+00;-0.034680;-1.291109e-02;0.024073;1
134/203/134.jpg;6.694619;-1.142364e+00;-3.089488;3.685146e+00;1.366876;1.206530e+00;-0.024300;-5.437773e-03;0.026895;1
135/204/135.jpg;4.658456;-1.071379e+00;-0.261353;6.323983e+00;6.521247;4.602574e+00;0.147049;9.119061e-02;0.071915;1
135/205/135.jpg;4.066712;-2.467848e+00;-5.551385;3.514815e-01;0.386318;2.414905e-01;-0.028235;-1.093011e-02;0.024510;1
135/206/135.jpg;7.692974;-7.007758e-01;-0.742011;3.789761e+00;2.663851;1.514295e+00;0.236664;1.424263e-01;0.090511;1
135/207/135.jpg;6.125294;-1.968283e+00;-3.141198;1.874891e+00;1.789976;1.008451e+00;0.123641;6.786994e-02;0.053128;1
136/208/136.jpg;6.055239;1.607331e-01;1.534997;8.879248e+00;7.016144;5.458481e+00;0.049501;4.573676e-02;0.051484;1
136/209/136.jpg;7.475403;-1.807887e+00;-0.934981;1.844812e+00;1.282591;7.948353e-01;0.156190;1.074939e-01;0.087103;1
136/210/136.jpg;7.745618;1.811861e-01;1.950562;2.019012e+00;1.256885;1.040830e+00;0.091085;6.219686e-02;0.055785;1
136/211/136.jpg;6.169533;-3.019309e+00;-5.047520;7.932165e-01;0.581785;3.988797e-01;0.110221;1.036977e-01;0.084752;1
137/212/137.jpg;4.814892;5.233556e-01;0.611575;8.183533e+00;6.188496;3.732335e+00;0.371674;2.766894e-01;0.178196;1
137/213/137.jpg;7.769136;3.582304e-01;0.689202;1.894716e+00;1.303395;8.188226e-01;-0.013928;-1.897234e-03;0.027875;1
137/214/137.jpg;6.971901;-2.328847e+00;-2.638345;1.229987e+00;0.694236;5.677570e-01;0.119761;1.276349e-01;0.099998;1
138/215/138.jpg;5.743987;7.358292e-01;2.330095;7.131061e+00;5.309382;3.943254e+00;0.445833;4.565332e-01;0.353160;1
138/216/138.jpg;6.943369;-4.210105e+00;-2.235857;1.858791e+00;0.817842;6.685444e-01;0.072711;6.502196e-02;0.063662;1
138/217/138.jpg;8.133810;-5.145763e-01;0.070946;3.466063e+00;2.012982;1.580350e+00;0.071261;6.519674e-02;0.067362;1
138/218/138.jpg;7.980611;-1.426622e+00;-2.580676;4.510213e-01;0.170027;1.608736e-01;-0.009378;6.433324e-03;0.031711;1
139/219/139.jpg;8.177913;2.123346e-01;0.737729;3.410001e+00;2.810919;1.903857e+00;-0.029579;-1.174811e-02;0.024016;1
139/220/139.jpg;4.992475;-2.539238e-02;0.418841;9.434010e+00;8.184425;5.153785e+00;0.273504;2.488046e-01;0.183876;1
140/221/140.jpg;6.683868;4.350655e+00;0.278010;7.041178e+00;5.412040;3.568800e+00;0.382591;5.512738e-01;0.671385;1
140/222/140.jpg;3.270380;-3.602813e-01;-1.177656;1.051397e+01;10.030671;6.543933e+00;0.136097;9.112686e-02;0.069849;1
140/223/140.jpg;8.124178;-2.448995e-01;-0.127664;6.247653e+00;5.475470;3.525918e+00;0.071614;4.029153e-02;0.043039;1
140/224/140.jpg;6.438638;-1.193495e+00;-1.529851;5.359929e+00;4.415987;2.777602e+00;0.150010;9.965550e-02;0.072722;1
140/225/140.jpg;5.921688;9.261539e+00;-0.878526;3.651659e+00;3.317373;2.580100e+00;0.359133;2.591932e-01;0.170744;1
141/226/141.jpg;4.122667;1.478376e+00;1.456174;9.677482e+00;7.666323;6.089699e+00;0.324063;2.728972e-01;0.205288;1
141/227/141.jpg;5.414789;-1.265286e+00;-1.987598;2.475790e+00;1.361747;9.912586e-01;0.075728;6.606364e-02;0.064525;1
141/228/141.jpg;7.866416;3.162500e-01;0.278201;4.912366e+00;3.605122;2.744002e+00;0.100686;7.290684e-02;0.061596;1
141/229/141.jpg;4.954395;-2.123262e+00;-4.515192;7.563026e-01;0.238968;1.942297e-01;0.036191;3.863402e-02;0.046393;1
141/230/141.jpg;6.712459;1.525083e+00;2.571549;6.762008e+00;4.755670;3.715748e+00;0.057518;2.923596e-02;0.040396;1
142/231/142.jpg;5.225257;4.271804e+00;1.167694;9.670419e+00;8.988956;6.336864e+00;0.107467;5.663889e-02;0.049032;1
142/232/142.jpg;3.699295;-3.505643e-01;0.824534;9.175327e+00;7.956808;5.685088e+00;0.529927;4.611335e-01;0.412997;1
142/233/142.jpg;6.235423;-9.594068e-01;4.159251;7.183011e+00;7.038273;4.849511e+00;0.120545;9.179192e-02;0.075586;1
142/234/142.jpg;5.116370;-3.206811e+00;-4.500185;1.129643e+00;0.413990;3.155838e-01;0.092452;8.089332e-02;0.067540;1
142/235/142.jpg;5.550029;8.057282e+00;-0.588647;7.720037e+00;7.216918;5.588700e+00;-0.018776;-4.026117e-03;0.027681;1
142/236/142.jpg;6.173660;-2.166830e+00;-2.327447;2.055411e+00;1.077718;7.395698e-01;0.095813;7.438571e-02;0.063934;1
142/237/142.jpg;8.117754;6.621818e-01;1.535069;4.222691e+00;2.205860;1.831428e+00;0.114499;8.701535e-02;0.072579;1
143/238/143.jpg;6.399834;9.949367e-02;2.910554;3.747449e+00;2.490820;1.955682e+00;0.005580;1.383252e-02;0.036296;1
143/239/143.jpg;4.561244;-2.620974e+00;-3.893845;9.168933e-01;0.545017;3.633870e-01;0.005763;1.029197e-02;0.033915;1
143/240/143.jpg;7.920204;1.140588e-01;0.749745;3.107413e+00;1.591547;1.240292e+00;0.231678;1.509365e-01;0.099859;1
143/241/143.jpg;6.854497;-1.081608e+00;-2.813398;7.555670e-01;0.344570;2.772584e-01;-0.009617;9.790192e-03;0.034011;1
144/242/144.jpg;8.743778;-1.059263e-01;0.214781;2.431470e+00;1.649957;1.260274e+00;0.064045;3.171009e-02;0.038672;1
144/243/144.jpg;6.188616;7.239262e-02;1.574936;6.492681e+00;5.751504;4.338624e+00;0.035265;2.236268e-02;0.036188;1
145/244/145.jpg;7.626154;9.134575e-02;-0.180089;2.266296e+00;1.166909;7.960957e-01;-0.031871;-1.051784e-02;0.024931;1
145/245/145.jpg;4.470034;-6.572432e-02;0.162925;3.201868e+00;2.466264;1.172113e+00;0.268430;1.892340e-01;0.125927;1
146/246/146.jpg;7.979531;4.620440e-01;1.188729;3.203363e+00;2.285618;1.426597e+00;0.004491;1.877308e-02;0.037714;1
146/247/146.jpg;6.060736;-2.422600e+00;-2.717402;2.786895e+00;1.178367;8.890690e-01;-0.011655;5.414758e-03;0.031610;1
147/248/147.jpg;6.422084;-2.253369e-01;0.007400;4.648083e+00;3.770757;2.530282e+00;0.496566;4.324610e-01;0.308292;1
147/249/147.jpg;3.796100;4.233590e-01;0.651540;7.254933e+00;10.123134;6.112379e+00;0.281406;2.057336e-01;0.147505;1
147/250/147.jpg;5.273037;-3.323052e+00;-4.003637;6.558833e-01;0.289110;2.314491e-01;0.108525;8.473741e-02;0.067028;1
147/251/147.jpg;7.458537;1.341086e+00;1.696338;6.091341e+00;5.052976;3.478030e+00;-0.001376;6.516734e-03;0.031278;1
147/252/147.jpg;6.268822;-2.045201e+00;-2.312994;1.788269e+00;1.295503;8.752909e-01;0.112931;8.679435e-02;0.070112;1
147/253/147.jpg;5.633750;-1.762859e-01;2.535891;6.778539e+00;7.246823;5.103982e+00;0.116071;6.482317e-02;0.054225;1
148/254/148.jpg;8.134119;9.905824e-02;0.348713;3.182753e+00;2.294304;1.652018e+00;-0.021431;-1.869017e-03;0.028572;1
148/255/148.jpg;5.877585;-3.412852e+00;-3.035798;1.211344e+00;0.357194;3.002388e-01;0.023744;3.459933e-02;0.045260;1
149/256/149.jpg;7.206882;-9.659469e-02;0.669630;3.951887e+00;2.686204;1.916604e+00;-0.040300;-1.797701e-02;0.021887;1
149/257/149.jpg;6.994018;-1.574517e+00;-2.476146;9.291765e-01;0.599551;4.235384e-01;-0.032386;-1.401154e-02;0.023243;1
150/258/150.jpg;3.728883;2.293630e+00;-0.275239;9.905807e+00;7.394645;5.258797e+00;0.848637;9.524242e-01;0.813110;1
150/259/150.jpg;7.582920;1.021544e-01;0.142223;4.144040e+00;2.883130;2.031837e+00;-0.006559;5.370210e-03;0.031231;1
150/260/150.jpg;5.296055;-2.310622e+00;-3.485138;2.174250e+00;1.593870;1.052261e+00;0.253677;2.318161e-01;0.209581;1
150/261/150.jpg;7.527388;-5.763544e-01;-1.415070;1.791591e+00;1.309286;8.037545e-01;0.048922;5.249681e-02;0.054954;1
151/262/151.jpg;5.160114;-7.261704e-01;0.810207;4.901802e+00;3.771334;2.830108e+00;0.129814;8.178002e-02;0.062017;1
151/263/151.jpg;7.185362;8.389874e-01;1.863264;5.719257e+00;4.895844;3.487172e+00;0.025875;2.429048e-02;0.039918;1
151/264/151.jpg;6.157087;-1.323239e+00;-1.905556;1.034079e+00;0.660398;3.373309e-01;0.014726;2.797461e-02;0.042204;1
152/265/152.jpg;8.136450;-1.674562e-01;-0.205878;1.472227e+00;1.230370;7.611696e-01;-0.006713;-6.323645e-03;0.024929;1
152/266/152.jpg;5.795431;3.060908e+00;2.715368;2.924843e+00;3.781524;1.835051e+00;0.041555;3.041254e-02;0.040173;1
153/267/153.jpg;3.690608;-2.961340e-01;1.052079;8.781036e+00;12.651149;6.763125e+00;0.203028;1.267944e-01;0.085808;1
153/268/153.jpg;7.830580;-1.668925e-01;1.028959;4.276927e+00;5.262500;2.512592e+00;0.101782;5.645569e-02;0.049552;1
153/269/153.jpg;6.022157;-4.701667e-01;1.954441;7.340587e+00;9.643379;5.168235e+00;0.076979;4.363839e-02;0.044129;1
154/270/154.jpg;5.321010;-3.015438e-02;0.573512;8.733581e+00;9.079665;5.846590e+00;0.123809;6.271950e-02;0.051278;1
154/271/154.jpg;5.593962;-1.112264e+00;-4.850635;1.432014e+00;1.298585;8.627953e-01;-0.017143;-8.326148e-03;0.024662;1
154/272/154.jpg;8.278735;-5.466033e-01;0.124878;2.732638e+00;1.855601;1.261569e+00;0.013243;1.469584e-02;0.036115;1
155/273/155.jpg;6.327958;1.033915e+00;0.586430;1.777260e+00;1.590779;9.809474e-01;-0.021428;-7.818050e-03;0.025594;1
155/274/155.jpg;7.096808;-2.854740e-01;-1.679617;3.223327e+00;1.746024;1.403274e+00;-0.026401;-1.163902e-02;0.024017;1
156/275/156.jpg;6.916536;7.827145e-01;0.156791;6.553763e+00;4.193800;2.565752e+00;0.022678;2.546798e-02;0.039903;1
156/276/156.jpg;6.570561;-2.516892e+00;-2.683217;9.940749e-01;0.752235;5.507184e-01;-0.003475;6.054638e-03;0.031169;1
157/277/157.jpg;7.787537;-9.005837e-01;-0.631664;2.844204e+00;1.807991;1.027681e+00;0.076030;3.196670e-02;0.038054;1
157/278/157.jpg;6.375633;-2.994120e+00;-3.117930;2.307549e+00;1.690830;9.495926e-01;0.058536;2.640654e-02;0.036307;1
158/279/158.jpg;4.279173;-1.480235e+00;-2.795028;7.026166e+00;3.355211;2.899788e+00;0.161882;1.719320e-01;0.135323;1
158/280/158.jpg;7.405929;1.062598e+00;1.534663;4.644337e+00;3.300068;2.269341e+00;0.069172;7.062141e-02;0.065210;1
158/281/158.jpg;5.548459;-4.223307e-01;-0.887977;9.037855e+00;5.521598;3.979492e+00;0.224845;1.889200e-01;0.138620;1
158/282/158.jpg;7.648493;-6.197760e-01;-0.764912;1.550301e+00;0.932148;7.085903e-01;0.021737;2.875561e-02;0.041440;1
159/283/159.jpg;8.181106;5.968943e-01;0.685017;4.221851e+00;2.700154;1.972888e+00;0.022050;2.305730e-02;0.039283;1
159/284/159.jpg;6.998816;-1.305445e+00;-2.693641;2.447832e+00;1.351424;1.121094e+00;-0.013522;3.997746e-04;0.029402;1
160/285/160.jpg;3.374679;1.197696e-01;0.973263;8.609403e+00;7.428102;5.503138e+00;0.245473;1.487407e-01;0.094698;1
160/286/160.jpg;8.218215;3.793063e-01;0.797178;3.894070e+00;2.847624;1.691341e+00;0.067877;3.521753e-02;0.040590;1
160/287/160.jpg;5.621972;4.687771e-01;1.360680;6.826317e+00;6.302818;4.130912e+00;0.137370;6.621497e-02;0.051914;1
161/288/161.jpg;6.675033;2.265473e+00;0.617650;3.381713e+00;4.937433;2.160148e+00;0.246988;1.440498e-01;0.086989;1
161/289/161.jpg;6.920972;-2.184622e+00;-2.985090;8.278123e-01;0.530717;3.876440e-01;0.017263;2.621095e-02;0.040980;1
161/290/161.jpg;7.244530;-7.536855e-01;-1.289307;1.443234e+00;1.234611;7.459953e-01;0.009773;1.627837e-02;0.035632;1
162/291/162.jpg;3.251033;2.291667e-02;0.728312;7.836321e+00;7.856664;5.667895e+00;0.158349;1.250528e-01;0.106050;1
162/292/162.jpg;7.414672;-2.183881e+00;-3.077194;4.956423e-01;0.330044;2.540016e-01;0.096559;8.607727e-02;0.075513;1
162/293/162.jpg;7.877857;-7.766978e-02;0.438453;2.086115e+00;1.497755;1.090059e+00;0.082373;5.855271e-02;0.053732;1
162/294/162.jpg;5.435553;-3.211278e+00;-5.612210;4.816734e-01;0.184412;1.685619e-01;0.056153;6.360862e-02;0.061173;1
162/295/162.jpg;6.186182;1.334895e+00;1.538736;6.713254e+00;7.625014;4.727638e+00;0.120332;1.262811e-01;0.103799;1
163/296/163.jpg;8.220502;-9.626164e-01;-0.181134;1.714225e+00;1.047814;7.376466e-01;-0.045405;-2.076926e-02;0.021005;1
163/297/163.jpg;6.266767;-1.570932e+00;-2.368091;2.709573e+00;1.290907;8.960736e-01;0.027010;4.139035e-02;0.052960;1
164/298/164.jpg;4.767670;-3.028918e-01;-1.436700;4.191361e+00;1.733951;1.431509e+00;-0.011532;-1.561473e-03;0.028214;1
164/299/164.jpg;7.220688;9.444248e-01;0.675094;5.394458e+00;4.224370;3.064286e+00;-0.008278;2.079047e-04;0.028872;1
165/300/165.jpg;5.525750;1.510447e+00;0.091500;1.042828e+01;7.789575;4.847555e+00;0.329525;2.824098e-01;0.202345;1
165/301/165.jpg;5.610482;-1.065853e+00;-2.982634;1.959388e+00;1.037351;8.952872e-01;-0.002571;1.235089e-02;0.034741;1
165/302/165.jpg;7.927460;9.087396e-01;0.716672;3.504759e+00;2.214778;1.589940e+00;0.021271;2.514677e-02;0.039789;1
166/303/166.jpg;4.198774;-1.148588e-01;0.952249;6.955975e+00;6.225488;3.838899e+00;0.474990;3.155570e-01;0.182667;1
166/304/166.jpg;6.571122;-1.097300e+00;-2.579719;1.476155e+00;0.846096;6.833799e-01;0.008839;5.850215e-03;0.031285;1
166/305/166.jpg;7.871088;3.989625e-01;0.313068;4.809031e+00;3.682657;2.513254e+00;0.003804;7.220576e-03;0.031733;1
167/306/167.jpg;2.915956;-7.362327e-01;-0.065726;6.804961e+00;6.151611;3.850909e+00;0.113323;8.982629e-02;0.070613;1
167/307/167.jpg;7.249046;-2.863122e+00;0.392230;2.620828e+00;1.514380;1.164196e+00;0.020758;3.195867e-02;0.044639;1
167/308/167.jpg;4.965467;-7.727233e-01;0.014820;5.975522e+00;5.571631;3.940874e+00;0.041255;3.999168e-02;0.046679;1
167/309/167.jpg;7.792572;-6.039809e-02;1.551162;5.956452e+00;4.702656;3.062359e+00;0.052006;5.982751e-02;0.065117;1
168/310/168.jpg;4.780225;4.500479e-01;0.710981;6.515274e+00;6.836341;4.521469e+00;0.178133;9.336179e-02;0.061867;1
168/311/168.jpg;6.227900;-1.649678e+00;-3.724577;5.072947e-01;0.501486;3.735725e-01;-0.044936;-1.976093e-02;0.021453;1
168/312/168.jpg;8.098875;-1.149701e-01;-0.197624;3.357234e+00;2.722466;2.376358e+00;0.076558;7.049559e-02;0.063037;1
169/313/169.jpg;4.805679;3.444468e-01;0.299394;8.036480e+00;8.284338;5.516290e+00;0.278389;1.728072e-01;0.105065;1
169/314/169.jpg;6.243575;-1.847528e+00;-3.063397;6.251609e-01;0.572378;3.840906e-01;-0.036939;-1.251009e-02;0.024437;1
169/315/169.jpg;8.135102;-1.690548e-03;0.151370;4.499265e+00;3.548350;2.790417e+00;0.066281;5.690651e-02;0.054988;1
170/316/170.jpg;5.079658;-7.834680e-01;1.069151;6.239885e+00;5.316255;3.911743e+00;0.107717;7.457639e-02;0.060707;1
170/317/170.jpg;7.546962;-7.287767e-01;-0.500793;3.512192e+00;2.353406;1.700735e+00;0.078815;3.017478e-02;0.036807;1
170/318/170.jpg;6.033487;-2.546286e-01;2.736713;6.741818e+00;6.117667;4.362572e+00;0.181810;9.370127e-02;0.061401;1
171/319/171.jpg;4.555193;-2.527785e-01;0.977691;7.471310e+00;7.262348;5.384789e+00;0.255334;1.445008e-01;0.089019;1
171/320/171.jpg;5.979139;-2.716088e+00;-3.048801;1.954869e+00;0.960451;8.246959e-01;0.084798;4.828103e-02;0.050989;1
171/321/171.jpg;6.931313;1.432062e-01;1.042683;5.776904e+00;4.830589;3.375396e+00;-0.002234;2.456222e-03;0.029346;1
172/322/172.jpg;5.149333;-3.290514e-01;0.584424;7.996936e+00;5.810220;4.189402e+00;0.711760;6.775167e-01;0.549438;1
172/323/172.jpg;6.801144;5.866659e-01;2.395798;6.860613e+00;5.566742;4.657990e+00;0.150219;9.048850e-02;0.065518;1
172/324/172.jpg;5.799441;-3.133257e+00;-3.391693;6.118191e-01;0.366591;2.399655e-01;0.125322;1.292438e-01;0.102117;1
172/325/172.jpg;8.116782;2.194566e+00;5.410089;6.412219e+00;1.971493;1.476926e+00;0.144824;1.435583e-01;0.119109;1
172/326/172.jpg;6.021849;-2.458728e+00;-1.788063;1.726007e+00;1.459452;8.905226e-01;0.128373;1.175022e-01;0.093993;1
172/327/172.jpg;5.949348;4.509152e+00;0.410594;6.869235e+00;2.418517;2.024377e+00;0.120486;1.029189e-01;0.084381;1
173/328/173.jpg;7.010506;1.906518e+00;1.781697;6.329573e+00;3.337096;2.204961e+00;0.159805;1.165762e-01;0.093111;1
173/329/173.jpg;6.012151;-1.808247e+00;-2.519353;1.621868e+00;0.928764;5.839439e-01;-0.007424;7.999270e-03;0.032611;1
173/330/173.jpg;8.065929;-4.118939e-01;-0.067934;2.679860e+00;1.398269;1.040489e+00;0.063389;4.789571e-02;0.048758;1
174/331/174.jpg;4.160403;2.601300e-01;0.239031;5.891963e+00;4.930099;3.289156e+00;0.240755;2.526268e-01;0.203655;1
174/332/174.jpg;6.607053;1.264382e+00;1.863994;4.942946e+00;3.965013;2.756519e+00;0.008311;8.194046e-03;0.031233;1
174/333/174.jpg;7.361140;4.502841e-02;-0.445953;4.117739e+00;3.390059;2.177158e+00;0.100836;6.133965e-02;0.052584;1
175/334/175.jpg;5.647385;-5.905332e-01;2.124912;6.621179e+00;7.795958;4.581458e+00;0.044919;5.535291e-02;0.057533;1
175/335/175.jpg;4.681925;-4.149550e-01;-0.418577;6.411271e+00;6.675868;4.261743e+00;0.173623;1.204453e-01;0.086936;1
175/336/175.jpg;7.847856;-8.183492e-02;0.291989;4.736679e+00;3.289039;2.102162e+00;0.088666;5.671956e-02;0.052061;1
175/337/175.jpg;6.403532;-2.895533e+00;-3.846128;8.880266e-01;0.705276;6.051208e-01;0.206383;1.893709e-01;0.135243;1
176/338/176.jpg;6.468455;6.577540e-01;1.028067;7.622165e+00;5.943684;4.302739e+00;0.095425;4.847622e-02;0.046384;1
176/339/176.jpg;7.329303;-1.041812e+00;-2.501995;1.749060e+00;1.077628;7.670684e-01;0.021273;8.666290e-03;0.030441;1
177/340/177.jpg;3.669191;-6.271054e-01;-1.911706;5.384419e+00;6.659003;3.437548e+00;0.491252;4.278436e-01;0.370294;1
177/341/177.jpg;6.825717;-1.525650e+00;-3.808142;1.377380e+00;1.217135;7.287941e-01;-0.040522;-1.767340e-02;0.022028;1
177/342/177.jpg;7.644077;3.299047e-01;0.957446;4.741614e+00;3.979677;2.508361e+00;-0.041404;-1.732446e-02;0.022338;1
178/343/178.jpg;5.825966;2.013012e-01;1.081153;9.154762e+00;6.720140;4.349615e+00;0.117651;7.941617e-02;0.067265;1
178/344/178.jpg;4.901004;-1.912523e+00;-1.757856;1.854971e+00;1.050881;7.598990e-01;0.221755;1.228645e-01;0.081717;1
178/345/178.jpg;8.060302;-9.195652e-02;0.359900;5.564845e+00;3.550557;2.303113e+00;0.032168;2.424022e-02;0.038738;1
178/346/178.jpg;5.015342;-2.882623e+00;-3.983327;6.941191e-01;0.326212;2.514232e-01;0.178070;1.878434e-01;0.140774;1
179/347/179.jpg;4.710342;1.178726e+00;1.254743;6.015225e+00;5.400423;3.000655e+00;0.303767;3.994658e-01;0.453055;1
179/348/179.jpg;2.931656;-2.640254e-01;-1.398574;4.855741e+00;4.485360;2.126228e+00;0.022653;3.616812e-02;0.049199;1
179/349/179.jpg;7.645248;-4.887835e-01;-0.148103;4.100085e+00;2.660257;2.146166e+00;0.026156;2.670573e-02;0.040220;1
179/350/179.jpg;6.190861;-2.995281e+00;-3.527229;1.427816e+00;0.667175;4.549962e-01;0.033741;3.531824e-02;0.044983;1
179/351/179.jpg;7.675831;4.230600e+00;3.477385;6.725501e+00;2.463707;2.189540e+00;0.318356;2.707798e-01;0.201085;1
180/352/180.jpg;5.081981;5.676148e-01;1.502414;8.734674e+00;7.870955;5.164286e+00;0.314654;2.884970e-01;0.235568;1
180/353/180.jpg;6.863352;-2.571246e+00;-3.669207;1.301653e+00;0.621484;5.331264e-01;-0.013530;-1.369666e-03;0.028081;1
180/354/180.jpg;7.861275;-3.599352e-01;0.535836;3.170938e+00;2.392710;1.848425e+00;0.081743;7.050017e-02;0.061307;1
181/355/181.jpg;4.177797;2.439098e-01;1.222099;4.006161e+00;3.900728;1.817566e+00;0.099117;9.723381e-02;0.080122;1
181/356/181.jpg;5.966710;-1.971297e+00;-3.289962;7.567223e-01;0.306038;3.187584e-01;0.010036;2.379174e-02;0.040209;1
181/357/181.jpg;7.350143;4.489695e-01;1.043695;7.145159e+00;4.782179;3.588218e+00;0.030255;3.821655e-02;0.047485;1
182/358/182.jpg;2.068596;-6.590009e-01;0.574384;8.548780e+00;7.785538;4.907878e+00;0.204533;1.773505e-01;0.132755;1
182/359/182.jpg;6.405213;-2.150967e+00;-1.469044;3.562931e+00;1.873271;1.435300e+00;0.892500;7.891531e-01;0.582463;1
182/360/182.jpg;4.062152;-1.652015e+00;1.659339;7.690760e+00;6.583601;4.459204e+00;0.090438;5.455934e-02;0.049862;1
182/361/182.jpg;7.176239;1.995609e-01;0.835606;6.028621e+00;3.555199;2.452370e+00;0.001968;1.772351e-02;0.037834;1
183/362/183.jpg;5.953102;-1.954025e+00;-0.112927;2.657171e+00;1.972302;1.303632e+00;0.150792;8.869933e-02;0.066077;1
183/363/183.jpg;6.004851;-2.489420e+00;-2.246559;1.023268e+00;0.542467;3.793765e-01;-0.016911;-1.054640e-02;0.023614;1
183/364/183.jpg;7.112849;1.103626e-01;1.690742;5.926888e+00;4.818602;3.386448e+00;0.271600;1.558742e-01;0.096493;1
184/365/184.jpg;5.336513;1.750668e+00;1.322697;1.228138e+01;9.410861;6.612644e+00;0.346478;3.840967e-01;0.323673;1
184/366/184.jpg;7.263808;-1.498866e+00;-2.800559;1.510645e+00;0.916268;7.043207e-01;-0.019780;-1.407838e-03;0.028577;1
184/367/184.jpg;7.250834;3.204892e-01;0.583928;6.893562e+00;5.021517;3.737640e+00;0.096755;7.181233e-02;0.061703;1
185/368/185.jpg;6.770434;-1.019280e+00;-0.991399;3.071138e+00;1.647986;1.175313e+00;-0.024074;-1.194845e-02;0.023362;1
185/369/185.jpg;8.355247;8.686107e-01;2.701939;2.884443e+00;2.195708;1.424489e+00;0.005195;1.253188e-02;0.037095;1
186/370/186.jpg;5.261778;-4.980692e-02;0.884296;6.765497e+00;5.386782;3.276567e+00;0.173312;1.083108e-01;0.072980;1
186/371/186.jpg;6.053653;-9.405704e-01;-3.356316;1.026511e+00;0.852059;5.480094e-01;-0.045593;-2.036320e-02;0.021199;1
186/372/186.jpg;6.972773;-8.960073e-01;2.150200;1.867814e+00;1.199499;7.613128e-01;-0.017327;-6.136681e-03;0.025922;1
187/373/187.jpg;3.818467;-2.349914e+00;-4.140952;5.324461e-01;0.221253;1.671013e-01;0.016204;2.530325e-02;0.040284;1
187/374/187.jpg;5.264239;9.382375e-02;2.056815;6.116088e+00;4.589294;3.042243e+00;0.127161;7.557197e-02;0.059791;1
187/375/187.jpg;5.886917;-1.629259e+00;-1.408285;2.491329e+00;1.319847;8.273876e-01;0.003724;7.993595e-03;0.031543;1
187/376/187.jpg;7.907928;-9.789501e-02;0.775764;2.777231e+00;1.693289;1.177741e+00;-0.001763;-5.413009e-04;0.027081;1
188/377/188.jpg;4.727922;-3.385078e-02;0.566048;8.801435e+00;7.360581;5.899937e+00;0.048067;5.927712e-02;0.071087;1
188/378/188.jpg;7.713306;-3.548812e-02;0.222137;2.375716e+00;1.608780;1.127264e+00;-0.011507;3.744860e-04;0.029014;1
188/379/188.jpg;5.088915;-1.540823e+00;-2.174240;1.152442e+00;0.606102;4.085176e-01;0.015984;2.672847e-02;0.041338;1
189/380/189.jpg;2.512430;-5.698804e-02;0.212472;7.205522e+00;8.178461;5.214933e+00;0.084617;4.595516e-02;0.045150;1
189/381/189.jpg;4.451721;1.041832e+00;1.852032;6.854862e+00;8.641305;5.262548e+00;0.069564;4.249346e-02;0.044405;1
189/382/189.jpg;4.360345;-7.142984e-01;-3.506544;1.297738e+00;1.306171;9.127958e-01;0.093797;4.338836e-02;0.042031;1
189/383/189.jpg;7.523059;6.889494e-01;0.843382;2.376268e+00;1.948470;1.291473e+00;-0.015331;-1.280956e-04;0.028911;1
190/384/190.jpg;4.027358;2.968887e+00;1.189932;3.404417e+00;4.369618;2.295867e+00;0.363202;1.995416e-01;0.108650;1
190/385/190.jpg;8.010443;3.836503e-01;0.888510;2.605874e+00;2.371228;1.063823e+00;0.104533;5.066986e-02;0.044886;1
190/386/190.jpg;6.161047;1.928691e+00;2.154266;2.123716e+00;2.758690;1.210709e+00;0.075221;4.024519e-02;0.043510;1
191/387/191.jpg;6.576728;6.210846e+00;4.164669;4.164229e+00;5.670023;2.420444e+00;0.111164;1.705272e-01;0.214043;1
191/388/191.jpg;6.896244;-1.047631e+00;-3.146052;1.254345e+00;0.957085;6.465631e-01;0.021044;2.296579e-02;0.038720;1
191/389/191.jpg;7.779828;8.181909e-01;0.756781;4.699789e+00;3.202874;2.250006e+00;0.021145;2.719916e-02;0.041034;1
191/390/191.jpg;5.498819;1.306864e+00;0.201209;1.168279e+01;11.429983;6.418325e+00;0.151883;1.828219e-01;0.175837;1
192/391/192.jpg;6.551624;-8.671392e-02;0.289678;8.999241e+00;7.845254;5.143857e+00;-0.007454;8.999088e-03;0.036562;1
192/392/192.jpg;7.613303;-1.525694e+00;-2.090811;1.339408e+00;0.664212;5.289902e-01;-0.004951;-3.060568e-03;0.026399;1
193/393/193.jpg;4.272815;-3.574539e-01;0.175996;1.046755e+01;7.855560;5.652541e+00;0.390262;3.103299e-01;0.217120;1
193/394/193.jpg;6.379564;3.038026e+00;1.169630;8.232059e+00;7.169650;4.701525e+00;0.255096;1.782831e-01;0.120481;1
193/395/193.jpg;6.634500;-2.058242e+00;-3.552108;2.620971e+00;2.042597;1.638338e+00;0.290831;3.174895e-01;0.253468;1
193/396/193.jpg;8.424407;3.797360e-01;0.906545;4.700733e+00;3.240619;2.455008e+00;0.039960;3.421655e-02;0.043682;1
193/397/193.jpg;6.422229;9.169271e-02;0.287203;1.134765e+01;8.919236;5.863928e+00;0.254632;1.768768e-01;0.115692;1
194/398/194.jpg;5.660999;2.342387e+00;0.920895;1.041588e+01;7.751682;4.848790e+00;0.557232;6.996415e-01;0.756661;1
194/399/194.jpg;6.550331;-1.665603e+00;-3.870077;6.624838e-01;0.624333;3.950354e-01;-0.012096;4.241509e-03;0.031315;1
194/400/194.jpg;8.213493;-2.617876e-01;0.233285;3.853698e+00;3.058836;1.930954e+00;0.047410;3.663067e-02;0.043919;1
195/401/195.jpg;2.313036;6.442063e-01;-0.509821;6.983326e+00;6.583473;4.462255e+00;0.213772;1.583706e-01;0.116109;1
195/402/195.jpg;7.292617;-6.455121e-01;-2.860580;5.865115e-01;0.364422;2.791339e-01;-0.007014;6.537920e-03;0.031816;1
195/403/195.jpg;7.129932;9.320370e-01;0.034221;6.786038e+00;5.252824;4.344487e+00;0.006978;1.399711e-02;0.035295;1
196/404/196.jpg;4.054308;-2.523074e-01;0.079233;1.176320e+01;8.477228;5.546525e+00;0.060295;7.159529e-02;0.067212;1
196/405/196.jpg;6.142021;1.058878e+00;1.127607;1.069226e+01;9.375943;5.831754e+00;0.142614;1.003226e-01;0.073498;1
196/406/196.jpg;5.637632;-2.031479e+00;-2.055579;3.429120e+00;2.342377;1.757967e+00;0.329664;2.357891e-01;0.159782;1
196/407/196.jpg;8.305045;3.975105e-02;0.045606;7.155242e+00;5.318892;3.501763e+00;0.092516;5.714758e-02;0.052156;1
197/408/197.jpg;3.216301;-4.217092e-01;0.378259;1.183018e+01;10.580381;7.383457e+00;0.170700;1.686741e-01;0.127213;1
197/409/197.jpg;6.769744;-1.022077e+00;-0.615142;1.973516e+00;1.849425;1.280247e+00;0.074201;5.248683e-02;0.051135;1
197/410/197.jpg;5.623739;-2.501372e+00;-2.663772;6.424206e-01;0.501996;3.380572e-01;0.360310;4.144130e-01;0.343627;1
197/411/197.jpg;7.704144;9.499128e-02;0.479855;3.010777e+00;2.392511;1.475909e+00;0.002042;1.860192e-02;0.038625;1
198/412/198.jpg;3.193397;-7.488832e-01;-0.599971;1.037013e+01;9.502558;7.032291e+00;0.301327;3.481067e-01;0.287382;1
198/413/198.jpg;7.947492;-8.202071e-01;-0.327557;1.407111e+00;0.951298;6.306524e-01;-0.007832;-1.519996e-03;0.027054;1
198/414/198.jpg;6.019503;-8.819410e-01;-0.374604;1.324520e+01;10.820207;6.900249e+00;0.225344;1.977758e-01;0.147199;1
199/415/199.jpg;4.228254;-1.551110e+00;-5.062931;6.302561e-01;0.466986;3.207316e-01;0.156108;1.822586e-01;0.151016;1
199/416/199.jpg;7.889335;7.622046e-01;1.366379;1.190358e+00;0.654384;4.477285e-01;-0.014668;-2.323973e-03;0.027468;1
199/417/199.jpg;5.865361;-1.592813e+00;-1.163365;2.688491e+00;0.748987;5.000550e-01;0.186799;1.406966e-01;0.101041;1
211/418/211.jpg;2.677798;1.577340e-01;0.276441;7.393935e+00;7.402224;4.837366e+00;0.197275;1.318526e-01;0.090618;0
211/419/211.jpg;6.103784;5.257706e-01;0.583087;1.331161e+01;10.124244;6.420898e+00;0.161429;9.718946e-02;0.070145;0
211/420/211.jpg;4.920574;-2.107607e+00;-5.227414;1.856341e+00;1.265835;8.888363e-01;0.388669;2.989391e-01;0.199843;0
211/421/211.jpg;8.581788;3.772161e-01;0.189341;6.502512e+00;5.646015;3.619204e+00;0.108396;5.377940e-02;0.047386;0
212/422/212.jpg;2.366602;1.257314e-01;-0.030838;4.926803e+00;4.559725;2.700511e+00;0.024967;4.899422e-02;0.072642;0
212/423/212.jpg;7.267903;8.469885e-01;2.262241;8.484489e+00;7.586841;5.536445e+00;0.143428;8.698598e-02;0.064312;0
212/424/212.jpg;5.180759;3.072281e-01;1.616487;1.022637e+01;10.744208;6.959258e+00;0.076120;4.147903e-02;0.043314;0
212/425/212.jpg;8.096215;2.282580e-01;0.368827;3.996726e+00;4.787529;2.488595e+00;0.258192;1.414410e-01;0.089225;0
213/426/213.jpg;4.207218;-6.730218e-03;0.155325;1.031603e+01;10.858989;5.613572e+00;0.249349;1.958840e-01;0.155886;0
213/427/213.jpg;4.869938;-2.358108e+00;-4.409903;5.044448e-01;0.526313;3.264709e-01;-0.018752;-1.153644e-02;0.023150;0
213/428/213.jpg;7.817220;2.527941e-01;0.412270;5.818569e+00;7.823893;3.079062e+00;0.083224;6.597347e-02;0.065537;0
214/429/214.jpg;3.731285;-9.695281e-02;-0.016667;6.103780e+00;9.450911;3.760695e+00;0.153081;9.276178e-02;0.065953;0
214/430/214.jpg;6.282454;-2.022632e+00;-4.623489;6.801391e-01;1.097381;4.486316e-01;0.045784;2.688882e-02;0.037978;0
214/431/214.jpg;7.703954;2.330054e-01;0.151143;5.162577e+00;11.219805;3.652622e+00;0.170283;9.893342e-02;0.068550;0
215/432/215.jpg;3.102554;-1.016584e-01;0.663007;7.686725e+00;7.764263;5.175036e+00;0.025648;2.254780e-02;0.038637;0
215/433/215.jpg;6.326855;-2.234526e+00;-4.733823;3.208241e-01;0.247632;1.991822e-01;-0.015840;2.030042e-04;0.029073;0
215/434/215.jpg;7.512321;6.104655e-01;1.076098;6.943059e+00;7.780923;3.623461e+00;0.040732;2.167632e-02;0.034912;0
215/435/215.jpg;7.670124;-1.613698e+00;-3.343858;9.557828e-01;0.788125;6.059001e-01;-0.026059;-6.995748e-03;0.026891;0
216/436/216.jpg;3.603090;2.066734e-01;0.516447;1.045937e+01;7.239452;4.827522e+00;0.104016;6.850357e-02;0.055974;0
216/437/216.jpg;8.221042;3.572654e-01;0.308482;8.804535e+00;5.283020;3.511344e+00;0.048955;2.349958e-02;0.035731;0
216/438/216.jpg;4.557252;-2.009794e+00;-5.373714;1.571602e+00;0.426489;4.785247e-01;0.192035;2.184299e-01;0.167872;0
217/439/217.jpg;3.157218;3.776099e-01;0.580017;7.540562e+00;7.017718;4.470559e+00;0.148181;6.908742e-02;0.049380;0
217/440/217.jpg;8.952291;-5.970781e-01;-0.761057;2.082738e+00;1.355621;1.089799e+00;0.127457;1.206408e-01;0.118580;0
217/441/217.jpg;7.275542;9.489676e-01;1.573079;7.261882e+00;6.487664;4.339422e+00;0.020934;7.619006e-03;0.029262;0
218/442/218.jpg;2.718416;1.483691e-01;-0.465762;5.865733e+00;5.450168;2.922649e+00;0.036530;6.142534e-02;0.099491;0
218/443/218.jpg;5.831070;9.579075e-01;1.325649;1.489361e+01;8.532623;5.266077e+00;0.288951;2.052106e-01;0.137122;0
218/444/218.jpg;7.802056;-6.133798e-01;-2.229334;1.530753e+00;1.460819;9.562808e-01;0.065406;7.109593e-02;0.064735;0
218/445/218.jpg;8.346156;1.460050e+00;6.022610;4.119296e+00;3.864201;2.005723e+00;0.049437;5.544637e-02;0.056383;0
218/446/218.jpg;4.044001;1.338635e+00;1.127773;1.761403e+01;7.736619;5.129736e+00;0.281575;2.473024e-01;0.176817;0
218/447/218.jpg;7.581718;5.519218e-01;0.598670;9.562100e+00;7.833992;4.696074e+00;0.189687;1.489819e-01;0.113902;0
219/448/219.jpg;3.699378;1.366361e-01;0.597922;7.508894e+00;7.037473;3.544206e+00;0.097556;6.438819e-02;0.062802;0
219/449/219.jpg;8.033778;-9.717215e-01;-2.732911;7.117477e-01;0.446180;3.527199e-01;0.007866;2.224650e-02;0.042076;0
219/450/219.jpg;7.488852;8.931262e-01;1.157024;7.274471e+00;7.103410;3.369033e+00;-0.015698;-3.494709e-05;0.029618;0
220/451/220.jpg;5.234287;4.918800e-01;0.226142;1.049562e+01;11.835516;6.938297e+00;0.559734;5.492604e-01;0.469463;0
220/452/220.jpg;5.893045;-1.755734e+00;-5.230071;4.416292e-01;0.615501;2.891694e-01;0.012943;1.725713e-03;0.027666;0
220/453/220.jpg;8.348383;2.370621e-01;-0.425406;4.098935e+00;4.725175;2.736137e+00;0.120133;6.887794e-02;0.058855;0
221/454/221.jpg;7.959332;1.597813e-01;0.564302;7.823063e+00;7.721041;5.138330e+00;-0.045273;-2.006440e-02;0.021341;0
221/455/221.jpg;4.206823;-2.019425e-01;0.010352;1.205378e+01;12.765815;7.991978e+00;0.031482;2.366598e-02;0.037446;0
311/456/311.jpg;2.169912;-1.734838e-01;-0.129818;8.594400e+00;6.407969;3.770914e+00;0.702997;7.277999e-01;0.660828;0
311/457/311.jpg;4.477755;3.584587e+00;1.758706;1.051555e+01;11.438701;3.740520e+00;0.376208;3.397114e-01;0.252501;0
311/458/311.jpg;5.270523;-1.300905e+00;-1.404758;8.223299e+00;7.489624;3.666420e+00;0.236105;1.702671e-01;0.116754;0
311/459/311.jpg;6.570406;5.453530e+00;3.722135;6.367920e+00;5.435165;2.338815e+00;0.407461;2.731286e-01;0.162527;0
311/460/311.jpg;5.685714;5.102937e-01;1.367378;5.951676e+00;3.960057;1.848024e+00;0.376923;3.422853e-01;0.267444;0
311/461/311.jpg;8.460780;2.507647e-01;0.494926;9.477535e+00;5.197702;3.365280e+00;0.191154;1.564960e-01;0.110761;0
311/462/311.jpg;7.960385;-1.721394e+00;-2.219271;1.042297e+00;0.639066;4.713512e-01;0.171406;1.395059e-01;0.099569;0
311/463/311.jpg;6.559210;8.145885e+00;4.326794;3.036523e+00;1.829767;1.085766e+00;0.206358;1.691702e-01;0.116713;0
311/464/311.jpg;3.652806;1.035076e-01;1.111671;1.057990e+01;10.462566;4.564695e+00;0.465443;4.890809e-01;0.466883;0
312/465/312.jpg;3.004303;1.330045e+00;-1.685682;9.497935e+00;6.786541;3.886360e+00;0.349188;3.621529e-01;0.308697;0
312/466/312.jpg;6.775938;2.517432e-01;-1.050181;7.163765e+00;5.285456;2.933237e+00;0.474498;3.142203e-01;0.178812;0
312/467/312.jpg;4.904661;1.299684e+00;0.612553;1.418598e+01;14.435622;1.008992e+01;0.254967;2.275225e-01;0.222366;0
312/468/312.jpg;4.714660;-1.804259e+00;-5.082736;1.414669e+01;5.589371;3.727945e+00;0.069600;5.479744e-02;0.057910;0
312/469/312.jpg;2.616634;3.087615e+00;0.458127;9.037149e+00;6.747893;4.920210e+00;0.333147;2.363236e-01;0.152199;0
312/470/312.jpg;8.636102;-3.741062e-01;-1.240443;2.567547e+00;1.744186;1.209805e+00;0.086893;4.588899e-02;0.044889;0
312/471/312.jpg;7.053404;2.198627e+00;1.329162;6.621919e+00;3.081441;2.109975e+00;0.998622;1.161290e+00;1.131561;0
312/472/312.jpg;6.927752;-4.624377e+00;-5.266190;3.336625e+00;2.321370;1.302972e+00;0.119025;5.318312e-02;0.047482;0
312/473/312.jpg;4.955023;4.329014e-01;-1.458395;1.132019e+01;11.384182;5.491009e+00;0.291884;1.980648e-01;0.133269;0
313/474/313.jpg;2.010493;1.365731e-01;-0.249881;7.959502e+00;8.253976;3.462485e+00;0.204415;1.796530e-01;0.156943;0
313/475/313.jpg;5.102212;3.550117e+00;0.147939;9.724950e+00;9.664325;4.214320e+00;0.537680;4.712483e-01;0.354596;0
313/476/313.jpg;7.049094;-9.563036e-02;-1.084304;5.182135e+00;2.287178;1.696304e+00;0.294366;2.119936e-01;0.135954;0
313/477/313.jpg;5.218559;1.093286e+01;1.500085;6.407826e+00;4.451324;2.497723e+00;0.731660;6.061150e-01;0.405904;0
313/478/313.jpg;5.031049;2.530692e-01;-0.389297;1.139430e+01;13.085637;5.112402e+00;0.431464;3.884971e-01;0.294704;0
313/479/313.jpg;5.247061;6.979967e+00;0.758837;9.650738e+00;6.433918;3.352160e+00;0.542462;3.992372e-01;0.247473;0
313/480/313.jpg;8.764745;-2.109438e+00;-1.533034;6.932046e-01;0.356417;3.180168e-01;0.068256;6.543420e-02;0.066405;0
313/481/313.jpg;5.192421;1.395935e+01;2.374376;2.181720e+00;1.661435;9.717790e-01;0.111405;6.168894e-02;0.052949;0
313/482/313.jpg;4.988455;-2.135271e+00;-3.577011;6.766121e+00;3.253382;2.364035e+00;0.945133;1.129394e+00;1.043578;0
313/483/313.jpg;8.657346;4.738080e-01;0.156916;6.357832e+00;7.805206;3.067154e+00;0.520506;5.051408e-01;0.389726;0
314/484/314.jpg;2.694788;2.948373e+00;0.237230;6.198016e+00;5.611748;3.059690e+00;0.324194;2.887497e-01;0.215090;0
314/485/314.jpg;4.417850;3.245249e-01;-1.695232;7.336369e+00;6.446786;2.578015e+00;0.280165;1.866260e-01;0.118599;0
314/486/314.jpg;4.227390;-1.742619e+00;-4.426271;5.906671e+00;4.251851;2.158279e+00;0.374739;3.406742e-01;0.260142;0
314/487/314.jpg;8.612483;5.008984e-02;-0.995089;3.110930e+00;1.716016;8.023235e-01;0.165390;1.166092e-01;0.084516;0
314/488/314.jpg;4.904486;1.562909e+00;0.646810;5.084703e+00;4.670357;2.255563e+00;0.183768;1.274847e-01;0.089614;0
314/489/314.jpg;6.953142;9.542046e-01;0.102714;8.278286e+00;9.772624;3.144813e+00;0.268006;2.315363e-01;0.166142;0
315/490/315.jpg;1.705929;-3.331630e-02;-0.816800;9.100296e+00;6.449939;3.747375e+00;0.253927;1.492004e-01;0.092591;0
315/491/315.jpg;4.957093;4.083778e+00;0.846699;1.585439e+01;5.863780;3.402015e+00;0.567528;7.028077e-01;0.844422;0
315/492/315.jpg;6.753352;-1.938878e-01;-1.109170;6.325429e+00;5.252086;3.027156e+00;0.321186;1.909386e-01;0.110664;0
315/493/315.jpg;4.649350;1.278860e+01;2.572616;2.824964e+00;1.240612;8.099062e-01;0.204702;1.876817e-01;0.147861;0
315/494/315.jpg;4.450981;-3.212376e-01;-0.945557;9.677176e+00;10.015778;5.678920e+00;0.143101;9.227506e-02;0.067693;0
315/495/315.jpg;3.935616;8.776826e+00;1.731279;6.455607e+00;2.245622;1.597203e+00;0.528563;8.287948e-01;0.975117;0
315/496/315.jpg;8.801801;3.134563e-01;0.080183;7.537472e+00;4.668260;2.536127e+00;0.186731;1.329519e-01;0.094456;0
316/497/316.jpg;1.304404;2.456075e-01;-0.404264;6.961272e+00;5.828469;3.541831e+00;0.380636;2.784741e-01;0.181519;0
316/498/316.jpg;5.440823;4.380992e+00;0.335641;8.333591e+00;7.551041;3.334833e+00;0.914081;1.109047e+00;1.115413;0
316/499/316.jpg;7.899703;2.267681e-01;-0.069013;5.976737e+00;5.461367;2.450136e+00;0.248174;1.882876e-01;0.142814;0
316/500/316.jpg;5.062898;1.080691e+01;1.682361;6.755490e+00;3.918339;2.230613e+00;0.849701;9.642287e-01;0.914627;0
316/501/316.jpg;5.008318;-1.747885e+00;-2.325188;6.394343e+00;8.642397;3.475546e+00;0.063214;6.541400e-02;0.066820;0
316/502/316.jpg;4.710615;7.642493e+00;1.209902;6.881154e+00;6.427848;3.065709e+00;0.691037;6.885199e-01;0.562173;0
316/503/316.jpg;8.971612;-6.676265e-01;-0.641485;8.843662e-01;0.822347;4.215938e-01;0.130908;1.269671e-01;0.097091;0
316/504/316.jpg;5.061520;1.335132e+01;2.138172;2.698627e+00;1.496250;9.895824e-01;0.237761;1.483373e-01;0.094836;0
316/505/316.jpg;3.385873;-8.227996e-02;-0.931894;1.106033e+01;11.464831;5.071678e+00;0.370152;2.942852e-01;0.207400;0
317/506/317.jpg;1.770314;-3.679523e-02;-0.234286;5.612957e+00;5.430007;3.142891e+00;0.446112;3.608122e-01;0.249871;0
317/507/317.jpg;5.835489;3.391119e+00;0.163036;1.441125e+01;8.473427;5.316620e+00;0.740248;7.185043e-01;0.571442;0
317/508/317.jpg;5.268194;3.056109e-02;1.285458;1.598532e+01;11.248972;9.224635e+00;0.284533;2.390237e-01;0.191652;0
317/509/317.jpg;5.200613;1.016079e+01;0.964087;7.635761e+00;5.893178;3.130346e+00;0.515974;4.073026e-01;0.263462;0
317/510/317.jpg;4.665320;-2.432600e-01;-0.970793;1.187671e+01;9.110785;5.195835e+00;0.523429;4.112582e-01;0.266967;0
317/511/317.jpg;4.417496;6.013475e+00;0.539789;9.016553e+00;7.600777;4.172601e+00;0.643690;7.587973e-01;0.734388;0
317/512/317.jpg;7.037958;-4.117467e-03;-0.682334;7.221583e+00;5.946431;3.265089e+00;0.341424;2.255911e-01;0.133152;0
317/513/317.jpg;5.061826;1.296773e+01;1.412260;2.537752e+00;1.601696;1.195072e+00;0.117008;5.441266e-02;0.046180;0
317/514/317.jpg;2.846563;4.582974e-02;0.269817;1.445197e+01;12.680784;8.636324e+00;0.738107;6.547829e-01;0.462323;0
318/515/318.jpg;1.683338;6.669186e-01;-0.426678;1.015518e+01;9.146734;4.713167e+00;0.389595;3.100683e-01;0.217984;0
318/516/318.jpg;6.436217;1.927276e+00;3.250952;9.724287e+00;9.809664;3.707875e+00;0.638882;5.455911e-01;0.388813;0
318/517/318.jpg;5.765585;-9.712924e-01;-2.476999;5.024593e+00;3.311858;1.826880e+00;0.650201;6.455939e-01;0.579183;0
318/518/318.jpg;4.728189;4.489547e+00;0.730660;8.771274e+00;9.737897;3.916033e+00;0.463136;3.202586e-01;0.188635;0
318/519/318.jpg;5.028961;6.865204e-01;-0.287149;1.113541e+01;14.141671;5.064102e+00;0.633752;5.800480e-01;0.441283;0
318/520/318.jpg;8.917701;1.376003e+00;6.901728;6.369727e+00;3.870995;2.046707e+00;0.164393;9.513929e-02;0.066204;0
318/521/318.jpg;6.903767;3.423349e-01;-0.535598;4.840010e+00;4.344615;1.872837e+00;0.262777;1.299709e-01;0.073860;0
318/522/318.jpg;3.894524;8.925935e+00;1.525380;4.776745e+00;3.700280;2.041723e+00;0.164527;9.920723e-02;0.075516;0
318/523/318.jpg;3.168152;-1.237549e-01;-1.795398;1.269312e+01;9.890901;5.419126e+00;0.324720;2.662176e-01;0.190187;0
318/524/318.jpg;7.271584;4.257313e+00;6.077657;3.717959e+00;4.511008;1.769168e+00;0.105111;6.140551e-02;0.054039;0
318/525/318.jpg;8.756890;-9.402408e-01;-1.137013;5.606102e+00;3.391661;1.857857e+00;0.429784;6.527432e-01;1.283332;0
319/526/319.jpg;2.540827;2.565715e+00;0.299346;8.661738e+00;5.973757;3.618158e+00;0.315229;2.309562e-01;0.161024;0
319/527/319.jpg;6.359398;1.937070e+00;1.156772;8.922098e+00;6.664188;3.427031e+00;0.239385;1.967615e-01;0.134695;0
319/528/319.jpg;5.834401;-1.139825e+00;-0.466714;3.370266e+00;2.393704;1.254069e+00;0.030358;2.438422e-02;0.039033;0
319/529/319.jpg;8.135448;5.892868e-01;-0.001185;5.912891e+00;3.464152;1.793741e+00;0.234979;1.461191e-01;0.096001;0
319/530/319.jpg;4.085694;1.752302e-01;-0.354612;1.138838e+01;9.384020;4.667008e+00;0.271495;2.379408e-01;0.175421;0
320/531/320.jpg;1.542741;1.009414e-01;-0.782065;7.272507e+00;6.717477;3.549485e+00;0.270951;2.213263e-01;0.160558;0
320/532/320.jpg;3.437298;4.465322e+00;0.352676;8.943628e+00;9.053233;3.992973e+00;0.365297;3.109942e-01;0.258485;0
320/533/320.jpg;7.155221;-2.376850e-02;-0.887905;8.321774e+00;5.842966;3.068175e+00;0.588282;4.479942e-01;0.274605;0
320/534/320.jpg;4.971939;8.918026e+00;1.194965;7.163068e+00;7.041937;3.217367e+00;0.520970;4.986595e-01;0.418202;0
320/535/320.jpg;4.882283;2.514124e-02;-0.822793;1.183237e+01;9.257762;4.468462e+00;0.397750;2.879758e-01;0.186632;0
320/536/320.jpg;6.899718;4.762296e+00;0.398904;1.064733e+01;8.194993;4.370054e+00;0.498819;4.677352e-01;0.374588;0
320/537/320.jpg;9.007183;1.500051e-01;-0.214641;4.027624e+00;3.257394;1.737583e+00;0.348068;2.364742e-01;0.143411;0
320/538/320.jpg;5.010413;1.319507e+01;2.029345;2.734770e+00;1.869968;1.189205e+00;0.145545;7.371407e-02;0.055239;0
321/539/321.jpg;2.893667;2.935801e+00;0.327456;8.197428e+00;6.825371;4.011881e+00;0.181017;1.188342e-01;0.086819;0
321/540/321.jpg;8.362990;2.508536e-01;-0.144811;8.425033e+00;6.307880;5.224236e+00;0.402094;3.012971e-01;0.188881;0
321/541/321.jpg;4.451025;2.728995e-01;-1.501201;7.900183e+00;7.663626;4.362064e+00;0.394901;3.043528e-01;0.207359;0
321/542/321.jpg;6.989204;-2.742996e+00;-2.818097;1.374397e+00;1.001204;8.033856e-01;0.209975;1.823225e-01;0.133574;0
321/543/321.jpg;4.466044;5.786598e+00;1.969652;8.664824e+00;6.332143;3.559710e+00;1.987139;4.484895e+00;8.448219;0
321/544/321.jpg;7.897033;4.620581e-01;0.029785;1.435037e+01;19.257334;9.435682e+00;0.118521;6.768430e-02;0.054898;0
321/545/321.jpg;5.446371;1.139697e+00;0.145087;1.169840e+01;15.516268;6.926461e+00;0.294975;2.241294e-01;0.155834;0
411/546/411.jpg;9.457388;2.678082e-02;-0.004348;5.686479e-01;0.471483;3.849680e-01;0.027976;1.830922e-02;0.034678;0
411/547/411.jpg;7.983587;9.085308e-01;1.817071;4.264883e+00;3.776612;2.702384e+00;0.018454;1.745318e-02;0.035941;0
412/548/412.jpg;9.363494;-1.645322e-03;0.109332;5.997277e-01;0.646368;4.007224e-01;0.014562;2.554892e-03;0.027454;0
412/549/412.jpg;6.167837;-5.299345e-01;0.976614;6.630283e+00;8.819705;4.987420e+00;0.025794;3.210874e-02;0.044628;0
413/550/413.jpg;9.412310;1.101655e-01;0.326243;1.245517e+00;0.616939;4.278860e-01;-0.020378;-1.077472e-02;0.023852;0
413/551/413.jpg;6.880737;4.376566e+00;3.596760;8.758766e+00;7.832778;5.108986e+00;0.218239;1.859283e-01;0.137508;0
414/552/414.jpg;9.391001;1.142956e-01;0.379394;7.570345e-01;0.830717;5.890620e-01;0.006825;-2.641687e-05;0.026823;0
414/553/414.jpg;5.428578;8.634003e-02;-0.448430;1.354729e+01;10.673919;7.728029e+00;0.107690;7.947104e-02;0.066449;0
415/554/415.jpg;9.400113;8.740412e-02;0.266936;5.758082e-01;0.480360;3.476362e-01;-0.000801;-2.946336e-03;0.025999;0
415/555/415.jpg;6.565070;5.096676e-01;1.131842;1.159356e+01;7.425500;4.789066e+00;0.110026;8.927516e-02;0.074032;0
416/556/416.jpg;9.450610;6.244289e-02;0.203466;5.840883e-01;0.504177;4.285627e-01;-0.006542;-5.718433e-03;0.025202;0
416/557/416.jpg;6.493182;-1.385483e-01;1.771551;1.649387e+01;10.596081;7.864432e+00;0.135955;1.238902e-01;0.096582;0
417/558/417.jpg;9.416296;1.039216e-01;0.153869;5.274789e-01;0.507170;3.267414e-01;0.010595;4.907008e-04;0.026810;0
417/559/417.jpg;6.683034;1.952738e-01;1.770497;1.143145e+01;7.825807;5.200791e+00;0.067792;5.098568e-02;0.051732;0
418/560/418.jpg;9.396558;1.086006e-01;0.158720;1.251418e+00;0.445734;3.373628e-01;0.011421;6.822688e-04;0.026860;0
418/561/418.jpg;6.583845;2.128086e+00;2.361718;5.841640e+00;6.366667;3.939668e+00;0.062467;5.697902e-02;0.058358;0
419/562/419.jpg;9.423077;2.076807e-02;0.155091;6.440238e-01;0.621785;4.389383e-01;0.007094;6.265176e-05;0.026839;0
419/563/419.jpg;6.288741;-1.859668e-01;2.268358;1.113179e+01;8.835836;5.567358e+00;0.099147;7.489406e-02;0.063980;0
420/564/420.jpg;9.475206;4.853368e-02;0.027449;4.444054e-01;0.341943;2.886451e-01;-0.004138;-5.272440e-03;0.025241;0
420/565/420.jpg;7.038771;2.717618e-02;3.393053;6.736095e+00;6.289109;4.711979e+00;0.068014;6.251191e-02;0.062611;0
421/566/421.jpg;9.364922;1.911196e-01;0.280938;1.185465e+00;0.425334;3.268768e-01;-0.006878;-5.918189e-03;0.025096;0
421/567/421.jpg;6.758683;2.700181e+00;3.225778;8.235278e+00;7.937821;5.348953e+00;0.066653;6.462845e-02;0.063680;0
511/568/511.jpg;5.092940;-7.838572e-01;1.097268;3.808095e+00;4.194348;2.242651e+00;0.101414;6.337252e-02;0.056137;0
511/569/511.jpg;6.574422;-1.740580e+00;4.076464;3.879277e+00;3.578598;2.340347e+00;0.025177;1.640200e-02;0.034459;0
511/570/511.jpg;9.189675;-2.501603e-01;-0.151778;1.619432e+00;1.188635;8.069029e-01;0.163745;1.949547e-01;0.155364;0
512/571/512.jpg;3.966694;1.214125e+00;0.788847;5.957378e+00;8.762082;4.975705e+00;0.206650;1.569495e-01;0.112453;0
512/572/512.jpg;5.939562;-9.654705e-01;2.726358;7.244350e+00;7.339624;5.304550e+00;0.278123;1.763165e-01;0.106201;0
512/573/512.jpg;8.260078;-7.460603e-01;0.273158;6.153775e+00;5.383195;4.007738e+00;0.358667;3.746447e-01;0.321619;0
512/574/512.jpg;7.768098;-8.308032e-01;3.892636;5.014804e+00;5.326336;3.749969e+00;0.117060;6.429730e-02;0.051974;0
512/575/512.jpg;7.105302;1.705217e+00;1.686577;3.922619e+00;5.504291;3.523332e+00;0.030762;2.619231e-02;0.040531;0
513/576/513.jpg;5.680611;-8.069633e-01;1.778860;6.171587e+00;6.247707;3.407707e+00;0.349204;2.400250e-01;0.152337;0
513/577/513.jpg;7.846516;4.692995e-01;2.488237;4.732560e+00;4.139395;2.975297e+00;0.015984;1.159078e-02;0.031795;0
513/578/513.jpg;7.887837;-1.099352e+00;-2.222448;1.523095e+00;1.148671;7.016457e-01;0.232373;1.235352e-01;0.076507;0
514/579/514.jpg;6.047434;-2.074098e+00;1.232677;2.298545e+00;2.673322;1.015205e+00;0.255457;1.979011e-01;0.131234;0
514/580/514.jpg;7.449055;3.247457e-01;1.903964;2.330871e+00;3.223288;1.626650e+00;-0.009271;6.790567e-03;0.033317;0
514/581/514.jpg;7.265700;-1.006380e+00;-0.434078;1.368417e+00;1.679412;5.657095e-01;0.090810;6.403246e-02;0.059316;0
514/582/514.jpg;8.237981;1.348523e+00;3.869995;3.224848e+00;3.985368;2.287146e+00;0.067780;7.577567e-02;0.071539;0
515/583/515.jpg;6.233382;1.260876e+00;2.277925;4.179163e+00;4.539091;2.732494e+00;0.089231;4.245883e-02;0.041907;0
515/584/515.jpg;7.515295;2.468786e+00;4.633450;3.525826e+00;3.489721;2.371705e+00;0.092699;5.462762e-02;0.049014;0
515/585/515.jpg;8.789623;-9.371221e-02;0.021025;3.350309e+00;3.767869;2.315597e+00;0.137095;1.188869e-01;0.089538;0
516/586/516.jpg;3.424785;4.706478e-01;0.288439;3.919691e+00;5.373287;3.018117e+00;0.114643;9.728651e-02;0.087713;0
516/587/516.jpg;8.518796;7.666334e-01;0.242683;2.513551e+00;3.374845;1.624249e+00;0.218316;1.523257e-01;0.101659;0
516/588/516.jpg;5.993540;9.352029e-01;1.106104;3.493812e+00;4.769316;2.410363e+00;0.109361;6.292755e-02;0.051607;0
516/589/516.jpg;8.255520;5.486905e-02;3.530064;4.260662e+00;4.560952;2.781571e+00;0.184848;1.076528e-01;0.077307;0
517/590/517.jpg;4.349382;4.266658e-01;0.834131;3.938390e+00;6.352966;2.534435e+00;0.095785;7.697432e-02;0.064177;0
517/591/517.jpg;8.887814;1.983229e-01;-0.322122;1.476240e+00;1.726493;9.738982e-01;0.069486;5.294241e-02;0.051474;0
517/592/517.jpg;7.943839;8.346123e-01;1.887137;3.747993e+00;4.403620;2.234536e+00;0.107829;6.325892e-02;0.052933;0
518/593/518.jpg;8.178270;9.110665e-01;1.174625;3.221384e+00;3.118128;1.930395e+00;0.042731;1.736480e-02;0.032697;0
518/594/518.jpg;5.434770;7.584646e-01;-0.142986;6.181057e+00;6.944788;3.853941e+00;0.118335;5.182657e-02;0.044860;0
519/595/519.jpg;4.373259;6.472800e-01;0.542810;5.083837e+00;6.090748;2.863663e+00;0.179001;1.242648e-01;0.086535;0
519/596/519.jpg;7.365342;1.282163e+00;1.911143;4.174185e+00;4.468967;2.229042e+00;0.017706;5.686574e-03;0.028936;0
519/597/519.jpg;7.741280;6.023374e-02;-1.088374;2.259231e+00;1.787952;9.787160e-01;0.761435;7.078657e-01;0.531048;0
520/598/520.jpg;3.772476;3.674906e-01;-0.564200;3.434884e+00;4.540909;1.750609e+00;0.368905;2.479817e-01;0.149103;0
520/599/520.jpg;7.934835;1.300633e+00;0.321862;2.958883e+00;3.125150;1.744046e+00;0.005765;1.038895e-02;0.032736;0
520/600/520.jpg;5.613480;-5.650526e-01;0.481438;2.797240e+00;3.094972;1.118977e+00;0.108624;7.437468e-02;0.061666;0
521/601/521.jpg;5.939230;9.818779e-01;1.414926;5.257049e+00;6.563269;3.291469e+00;0.098141;7.385284e-02;0.063668;0
521/602/521.jpg;6.659918;-1.319150e+00;3.951588;3.088067e+00;3.117012;1.902443e+00;0.114836;2.073637e-01;0.260564;0
521/603/521.jpg;8.784950;-2.023718e-01;-1.190590;9.775257e-01;0.913988;5.598091e-01;0.159433;1.858202e-01;0.145397;0
521/604/521.jpg;8.560556;1.145749e+00;1.981534;2.816880e+00;2.392118;1.557435e+00;0.054050;2.046366e-02;0.033566;0
611/605/611.jpg;1.712893;-3.266323e-03;0.167860;1.914383e+00;1.835419;9.711090e-01;0.126929;5.152839e-02;0.042317;0
611/606/611.jpg;7.513801;9.348982e-01;1.811521;1.933259e+00;1.813980;1.017262e+00;-0.049754;-1.943089e-02;0.022264;0
612/607/612.jpg;1.934764;7.867289e-02;0.121953;7.784021e-01;0.801973;4.348962e-01;0.332559;1.860287e-01;0.101425;0
612/608/612.jpg;6.947842;4.479125e+00;-0.950434;2.724366e+00;3.030429;1.624211e+00;0.092375;5.233701e-02;0.046685;0
612/609/612.jpg;3.459810;-7.866247e-01;0.777233;8.100923e-01;0.875331;4.151084e-01;0.409792;2.616927e-01;0.153191;0
612/610/612.jpg;5.273137;7.442397e+00;-2.559561;2.844448e+00;3.003189;1.445866e+00;0.290476;1.643027e-01;0.092843;0
612/611/612.jpg;2.585694;2.618608e+00;-0.468162;2.027249e+00;2.004728;7.765663e-01;0.518591;1.036859e+00;2.020201;0
612/612/612.jpg;8.334430;2.026707e+00;-0.103173;1.481317e+00;1.464286;9.151633e-01;0.030603;1.333577e-02;0.031593;0
613/613/613.jpg;1.209646;6.027440e-02;0.017140;1.197510e+00;1.238885;7.812123e-01;0.165138;7.208149e-02;0.049679;0
613/614/613.jpg;5.438688;8.407839e+00;0.353133;3.506183e+00;2.645551;1.567064e+00;0.028174;1.322046e-02;0.032162;0
613/615/613.jpg;6.594091;2.763713e+00;-0.665818;3.596203e+00;3.295059;1.807161e+00;0.267782;1.383432e-01;0.077285;0
613/616/613.jpg;6.894160;4.944728e+00;-0.295228;1.919279e+00;1.692244;1.076844e+00;0.007363;2.172731e-03;0.027744;0
614/617/614.jpg;2.157996;2.922932e-01;0.039239;7.358245e-01;0.717345;3.978014e-01;0.336708;1.990154e-01;0.111495;0
614/618/614.jpg;7.529775;5.758578e+00;3.098776;1.603735e+00;1.692518;7.455496e-01;0.033468;1.090890e-02;0.029990;0
614/619/614.jpg;4.383221;3.222185e+00;1.244632;2.271037e+00;2.210435;9.291422e-01;0.652597;5.543919e-01;0.385218;0
614/620/614.jpg;6.375819;9.571627e+00;4.410656;2.641755e+00;2.609564;1.124766e+00;0.032436;2.175193e-02;0.036384;0
614/621/614.jpg;3.706845;-3.475671e-01;0.637741;6.953269e-01;0.656262;3.877783e-01;0.420928;2.590856e-01;0.141919;0
615/622/615.jpg;1.569561;1.799953e-01;-0.000345;8.876636e-01;0.907222;5.519170e-01;0.162605;8.657064e-02;0.062061;0
615/623/615.jpg;7.382786;3.877980e+00;2.837639;1.877331e+00;1.897580;9.124977e-01;0.020349;3.579065e-03;0.027275;0
615/624/615.jpg;3.029833;1.847243e-03;0.590879;1.746072e+00;1.889662;9.081013e-01;0.443738;3.949445e-01;0.310020;0
615/625/615.jpg;7.523328;5.055863e+00;5.289287;1.859320e+00;1.660304;8.880069e-01;-0.020395;-5.487405e-03;0.026630;0
616/626/616.jpg;2.861429;8.384470e-01;0.291039;8.531378e-01;0.858866;4.703515e-01;0.298321;1.590706e-01;0.088766;0
616/627/616.jpg;3.489135;7.683212e+00;0.496016;1.702359e+00;1.530862;6.184307e-01;0.339649;2.590693e-01;0.172009;0
616/628/616.jpg;5.045143;-6.606745e-01;2.040053;1.559274e+00;1.740435;9.787113e-01;0.353075;2.154620e-01;0.123506;0
616/629/616.jpg;4.323101;1.138199e+01;1.297014;6.086540e-01;0.651184;3.384686e-01;-0.049302;-1.942001e-02;0.021948;0
617/630/617.jpg;1.255731;1.086055e-02;0.017900;9.572061e-01;0.914100;6.332449e-01;0.159626;7.654070e-02;0.053702;0
617/631/617.jpg;7.579143;2.274055e+00;1.206663;2.172806e+00;1.923037;1.124886e+00;0.041437;1.462510e-02;0.031013;0
617/632/617.jpg;3.062016;9.292357e-01;0.511096;4.643345e+00;3.957484;2.335991e+00;0.831591;7.521406e-01;0.553506;0
617/633/617.jpg;7.447118;3.001134e+00;4.511343;1.789482e+00;1.098655;6.912727e-01;0.033738;1.600620e-02;0.032900;0
618/634/618.jpg;2.243607;7.872189e-02;0.034488;1.113336e+00;1.153365;5.390509e-01;0.197872;9.622055e-02;0.060589;0
618/635/618.jpg;4.554337;1.084422e+01;0.059119;1.180300e+00;1.090164;5.443189e-01;0.036511;2.226419e-02;0.036235;0
618/636/618.jpg;4.460810;-8.359097e-01;1.465365;1.579443e+00;1.272372;5.079390e-01;0.486118;3.642219e-01;0.237384;0
618/637/618.jpg;5.312796;1.047281e+01;-2.723837;1.177942e+00;1.037456;5.412431e-01;0.050030;2.042765e-02;0.033382;0
619/638/619.jpg;2.410972;4.343725e-02;0.137434;2.107632e+00;2.286691;9.565488e-01;0.402124;2.427811e-01;0.134388;0
619/639/619.jpg;6.709064;7.770095e+00;2.090057;1.757699e+00;1.724924;9.602518e-01;0.023754;9.670923e-03;0.029950;0
619/640/619.jpg;5.114789;-7.399627e-01;1.006397;1.831087e+00;2.111245;7.510937e-01;0.343237;2.220752e-01;0.136144;0
619/641/619.jpg;5.982154;1.036256e+01;2.542522;1.678036e+00;1.667005;9.166666e-01;0.106514;4.829000e-02;0.043454;0
619/642/619.jpg;3.929560;1.913015e+00;0.421219;2.023580e+00;1.806810;8.286387e-01;0.126497;1.004280e-01;0.087761;0
620/643/620.jpg;2.907117;1.413750e-01;0.501783;2.207494e+00;2.247726;9.573919e-01;0.581552;4.503938e-01;0.282418;0
620/644/620.jpg;6.246690;5.673051e+00;2.671136;4.954491e+00;5.025936;3.118428e+00;-0.058639;-2.342948e-02;0.020732;0
620/645/620.jpg;6.101168;-6.950593e-01;0.429264;1.927777e+00;1.903749;8.906819e-01;0.467546;2.999853e-01;0.166207;0
620/646/620.jpg;4.545532;1.192820e+01;1.442167;6.762264e-01;0.662653;4.039460e-01;-0.023517;-1.295189e-02;0.023047;0
620/647/620.jpg;4.380386;-4.622766e-01;1.373800;2.441446e+00;2.486359;1.036003e+00;0.462098;2.993428e-01;0.165969;0
621/648/621.jpg;1.647536;2.004240e-01;0.018996;1.431163e+00;1.328651;7.550688e-01;0.323724;1.789881e-01;0.097544;0
621/649/621.jpg;6.787690;5.464919e+00;0.302692;2.426002e+00;2.564905;1.321469e+00;0.184919;1.576734e-01;0.139861;0
621/650/621.jpg;4.340575;-6.326518e-01;0.405259;2.098149e+00;1.978428;1.224903e+00;0.606107;4.872367e-01;0.313966;0
621/651/621.jpg;4.966250;1.083486e+01;0.061238;1.802407e+00;1.551170;8.068516e-01;0.031189;1.488466e-02;0.032361;0
621/652/621.jpg;2.825205;-7.928128e-02;0.289735;2.077048e+00;1.916975;1.107767e+00;0.491704;3.281406e-01;0.190407;0
621/653/621.jpg;6.241648;8.202971e+00;0.398678;2.612393e+00;2.386647;1.182542e+00;0.101596;5.727752e-02;0.049887;0
621/654/621.jpg;5.630651;-3.854610e-01;2.671786;1.569398e+00;1.165163;5.210031e-01;1.126439;1.136165e+00;0.922585;0
711/655/711.jpg;5.997050;1.091016e+00;0.443714;4.229798e+00;7.104067;3.041178e+00;-0.039736;-1.002837e-02;0.026008;0
711/656/711.jpg;7.967012;-7.406175e-01;5.031411;4.184284e+00;4.194015;2.510131e+00;0.206642;1.189024e-01;0.077410;0
711/657/711.jpg;7.446917;-1.215767e+00;3.410110;2.305119e+00;2.401234;1.156808e+00;0.089694;4.928607e-02;0.046289;0
711/658/711.jpg;8.536951;-1.527989e-01;6.799815;4.575567e+00;4.569105;3.268348e+00;0.289101;2.359598e-01;0.157663;0
712/659/712.jpg;4.943346;-4.076280e-02;1.170070;8.291640e+00;8.521044;5.430270e+00;0.121954;6.686439e-02;0.055978;0
712/660/712.jpg;7.055366;-2.139154e+00;-1.256212;5.795933e+00;5.344444;3.891057e+00;0.007617;1.589589e-02;0.037097;0
712/661/712.jpg;5.529030;-1.967469e+00;2.706091;5.436031e+00;5.736998;3.917391e+00;0.187031;1.168978e-01;0.082562;0
712/662/712.jpg;6.975688;-9.866621e-01;3.056058;3.687749e+00;4.377310;2.961318e+00;0.091274;6.904985e-02;0.060879;0
712/663/712.jpg;5.554235;3.566884e+00;2.204384;4.440022e+00;6.154105;2.955664e+00;0.133575;1.097738e-01;0.094672;0
712/664/712.jpg;7.892948;7.291865e-01;0.784483;5.192839e+00;5.200585;3.079165e+00;0.240004;1.994429e-01;0.154492;0
713/665/713.jpg;3.065551;-4.798896e-01;0.661460;9.869260e+00;9.898913;7.513211e+00;0.136119;1.160038e-01;0.088974;0
713/666/713.jpg;5.418732;-1.870212e+00;2.890243;5.603842e+00;6.486907;4.588151e+00;0.079388;3.981714e-02;0.041512;0
713/667/713.jpg;4.951279;8.552634e-01;1.536310;6.369983e+00;8.278449;4.941565e+00;0.309279;2.250807e-01;0.145925;0
713/668/713.jpg;8.213673;8.642312e-01;0.447134;2.492643e+00;3.361692;1.487723e+00;-0.001821;8.053318e-03;0.032339;0
714/669/714.jpg;3.733667;-8.567218e-01;-0.855775;9.656844e-01;0.946227;4.048744e-01;0.034624;4.459743e-02;0.051197;0
714/670/714.jpg;5.095126;3.953902e+00;2.210568;3.592660e+00;6.555144;2.241855e+00;0.032986;4.141600e-02;0.056387;0
714/671/714.jpg;7.497658;-1.101581e-01;-0.953923;3.926811e+00;1.736078;6.412167e-01;0.215641;2.255674e-01;0.168588;0
714/672/714.jpg;6.614235;-7.810803e-01;2.967994;1.915114e+00;2.587470;1.345874e+00;0.061144;4.113431e-02;0.044479;0
715/673/715.jpg;2.186534;-4.025290e-01;-1.939175;1.277783e+00;1.390424;6.094545e-01;0.205182;1.803108e-01;0.138036;0
715/674/715.jpg;5.357341;2.623388e+00;1.999926;3.791241e+00;7.015988;2.530002e+00;0.412999;3.317703e-01;0.214354;0
715/675/715.jpg;7.096063;-7.125698e-01;-0.988277;4.857642e+00;3.315205;1.297144e+00;0.157795;1.896692e-01;0.158267;0
715/676/715.jpg;5.839225;-1.581006e+00;3.233743;2.630429e+00;3.394069;1.878643e+00;0.029088;3.851537e-02;0.047329;0
715/677/715.jpg;3.535331;-1.566682e+00;-0.384250;1.834135e+00;1.351748;6.342862e-01;0.078225;6.411419e-02;0.060973;0
716/678/716.jpg;2.863443;1.166959e+00;-0.020332;3.910747e+00;5.620606;2.628999e+00;0.099031;9.225690e-02;0.083541;0
716/679/716.jpg;7.969017;-2.842983e-01;4.078767;4.583401e+00;5.047244;3.224962e+00;0.289747;1.894137e-01;0.117510;0
716/680/716.jpg;7.640323;-7.460921e-01;1.516827;1.731610e+00;1.933052;8.657916e-01;0.079675;5.068772e-02;0.048525;0
716/681/716.jpg;8.688607;7.736127e-02;6.255246;3.950697e+00;4.254660;2.819281e+00;0.218653;2.174562e-01;0.162004;0
716/682/716.jpg;6.146552;3.233677e+00;1.209906;3.694468e+00;5.678821;2.503012e+00;0.263308;1.891427e-01;0.120708;0
717/683/717.jpg;5.218225;4.298000e+00;2.648350;4.016139e+00;5.630002;2.492000e+00;0.002056;3.420489e-03;0.029196;0
717/684/717.jpg;3.944580;-2.893633e-01;1.123265;4.222430e+00;6.294485;2.452738e+00;0.260055;2.406032e-01;0.204015;0
717/685/717.jpg;8.765668;2.437570e-01;0.510112;4.430809e+00;2.868364;1.042925e+00;0.165794;1.069523e-01;0.074876;0
717/686/717.jpg;6.235788;-6.678713e-01;3.362659;3.777531e+00;3.708888;2.077173e+00;0.100128;4.225628e-02;0.040463;0
718/687/718.jpg;3.998542;-8.277708e-01;1.781266;8.620992e+00;8.298203;6.282856e+00;0.144292;1.002483e-01;0.073524;0
718/688/718.jpg;6.318998;-1.291695e+00;3.944662;5.804667e+00;5.324247;4.366746e+00;0.022007;1.453903e-02;0.033297;0
718/689/718.jpg;6.401490;9.045923e-01;1.516247;6.297503e+00;6.490878;4.261658e+00;0.144025;1.127210e-01;0.086577;0
719/690/719.jpg;5.849020;2.405337e+00;0.557107;4.440679e+00;6.764684;3.137845e+00;-0.003040;2.724089e-03;0.029072;0
719/691/719.jpg;8.525975;-4.321191e-01;4.340579;4.144230e+00;4.790310;3.176481e+00;0.142201;1.306984e-01;0.097932;0
719/692/719.jpg;8.068060;-1.515285e+00;1.167475;1.708048e+00;1.885242;8.206928e-01;0.032768;1.910359e-02;0.034534;0
720/693/720.jpg;5.796519;2.151406e+00;0.215087;5.438573e+00;6.760918;3.990724e+00;-0.007350;-6.094742e-04;0.027734;0
720/694/720.jpg;7.539780;-1.808275e+00;1.176748;4.161978e+00;4.948472;3.070714e+00;-0.004972;-5.262086e-03;0.025301;0
721/695/721.jpg;2.747017;-7.188099e-01;-0.606625;2.041113e+00;1.907579;6.918592e-01;-0.025977;-6.308544e-03;0.027302;0
721/696/721.jpg;5.485747;4.169485e+00;2.898558;4.349573e+00;6.499877;2.563287e+00;0.324040;2.784386e-01;0.194545;0
721/697/721.jpg;8.102830;2.649051e-01;0.164506;5.155704e+00;3.482853;1.288463e+00;0.207624;2.162418e-01;0.189651;0
721/698/721.jpg;6.715380;-5.967776e-01;3.863889;2.131351e+00;2.553933;1.369568e+00;0.006622;2.259189e-02;0.039810;0
721/699/721.jpg;4.770168;-5.156481e-01;1.735863;2.926833e+00;2.496938;9.225619e-01;0.065506;5.503124e-02;0.057363;0
811/700/811.jpg;1.741140;2.283726e+00;-0.506385;1.468174e+00;1.479872;9.072955e-01;0.371457;4.573123e-01;0.436896;0
811/701/811.jpg;7.623767;-1.690685e+00;-1.951523;6.028693e-01;0.623358;3.330938e-01;-0.001232;8.705505e-03;0.032376;0
811/702/811.jpg;4.149380;-9.971301e-01;-0.337546;6.269548e+00;6.659677;2.845726e+00;0.294530;2.569615e-01;0.182595;0
811/703/811.jpg;8.450298;-7.538926e-02;0.407807;2.792408e+00;3.126605;1.638692e+00;0.075227;6.383439e-02;0.058754;0
812/704/812.jpg;7.923272;-7.197387e-01;-0.811096;3.187646e+00;2.758600;2.000284e+00;0.081350;5.712187e-02;0.053993;0
812/705/812.jpg;2.347738;4.317975e-01;0.259184;8.103763e+00;7.231737;5.203290e+00;0.021879;2.990977e-02;0.043123;0
812/706/812.jpg;7.439849;-2.507746e+00;-3.121834;3.565120e-01;0.260834;2.140155e-01;-0.013111;-2.906814e-03;0.027078;0
812/707/812.jpg;6.643848;-1.080336e+00;4.341058;5.672040e+00;5.578732;4.116535e+00;-0.016502;-5.225413e-03;0.026087;0
813/708/813.jpg;5.579929;5.407754e-01;1.021558;4.711349e+00;3.984063;2.492136e+00;-0.030315;-1.096027e-02;0.024502;0
813/709/813.jpg;6.546929;5.361498e-02;-1.691093;3.500138e+00;2.859668;2.003362e+00;0.062047;4.931206e-02;0.049328;0
813/710/813.jpg;8.006921;9.593526e-01;1.566753;4.124155e+00;3.419503;2.400405e+00;0.265075;1.445772e-01;0.082518;0
813/711/813.jpg;5.977037;-2.335225e+00;-5.300869;5.190048e-01;0.301071;3.502349e-01;0.053280;5.016275e-02;0.051326;0
814/712/814.jpg;8.822118;-2.248955e-02;0.133098;2.697212e+00;1.660943;1.260802e+00;0.242299;1.328214e-01;0.079449;0
814/713/814.jpg;5.792630;-5.003827e-01;-1.798481;3.739240e+00;3.337088;2.195282e+00;-0.011501;-6.892776e-03;0.025004;0
815/714/815.jpg;4.223089;2.358220e-01;0.881125;5.354124e+00;3.659364;2.764543e+00;0.017104;2.830475e-02;0.044742;0
815/715/815.jpg;8.374338;-6.088547e-02;-0.732373;2.908635e+00;2.166847;1.957994e+00;0.077007;7.034753e-02;0.062028;0
815/716/815.jpg;6.152798;4.411474e-01;0.311429;6.511571e+00;4.518083;3.797982e+00;0.085605;4.407762e-02;0.044341;0
816/717/816.jpg;8.283867;1.121933e-01;-0.814364;1.732302e+00;1.389416;1.192120e+00;-0.029352;-4.005222e-03;0.028355;0
816/718/816.jpg;4.458510;1.268255e-01;1.778139;4.598985e+00;3.619680;2.268958e+00;0.043478;3.390532e-02;0.041975;0
817/719/817.jpg;4.413435;9.861951e-01;0.732444;9.117908e+00;7.581069;5.490355e+00;0.214950;1.521618e-01;0.105792;0
817/720/817.jpg;5.173122;-1.258627e+00;-3.327641;5.253344e+00;3.429340;2.932470e+00;0.522708;6.694438e-01;0.746000;0
817/721/817.jpg;7.270261;5.243211e-01;0.251404;6.562680e+00;4.903700;3.564303e+00;0.003847;1.417075e-02;0.036226;0
817/722/817.jpg;4.170481;-2.771918e+00;-5.356511;4.050951e-01;0.254170;2.597193e-01;0.102478;1.020411e-01;0.082294;0
817/723/817.jpg;1.865763;3.577208e+00;0.492331;2.651235e+00;2.308465;1.596818e+00;0.160817;1.385161e-01;0.104824;0
818/724/818.jpg;2.215716;1.443079e+00;-0.259746;3.038217e+00;2.710889;1.426095e+00;0.249885;2.063863e-01;0.152081;0
818/725/818.jpg;7.880711;-2.361933e+00;-2.150301;2.589185e+00;2.333277;1.648894e+00;0.057609;3.415294e-02;0.039950;0
818/726/818.jpg;6.430125;-8.819232e-01;1.401125;6.818604e+00;6.352764;4.292631e+00;0.214904;1.226854e-01;0.080861;0
818/727/818.jpg;8.894538;-1.025623e+00;-0.590211;2.542171e+00;2.248114;1.567937e+00;0.036435;3.014014e-02;0.043043;0
818/728/818.jpg;3.976849;-1.508653e+00;-0.622617;5.310586e+00;4.627907;3.129819e+00;0.329221;2.403075e-01;0.162982;0
819/729/819.jpg;5.050997;-4.738817e-02;-2.344372;1.042143e+01;8.396842;6.790067e+00;0.154642;9.836002e-02;0.072267;0
819/730/819.jpg;4.826410;-2.828463e+00;-7.098828;6.242470e-01;0.400206;5.143632e-01;0.102392;7.329525e-02;0.059966;0
819/731/819.jpg;6.729920;3.446762e-01;-0.399711;1.246737e+01;10.068140;7.838608e+00;0.021425;1.839283e-02;0.036017;0
820/732/820.jpg;3.392428;-1.054598e-01;-1.179104;4.709380e+00;4.326787;3.064751e+00;-0.002542;7.492153e-03;0.032310;0
820/733/820.jpg;7.479056;6.226029e-03;-1.142943;7.174649e-01;0.615706;3.745610e-01;-0.044316;-2.043618e-02;0.021091;0
820/734/820.jpg;5.463504;-9.756870e-02;3.048336;8.397035e+00;4.696267;4.119363e+00;0.052343;5.274004e-02;0.053300;0
821/735/821.jpg;5.142563;2.331059e-01;0.006033;6.493498e+00;7.374797;4.796350e+00;0.008943;1.590560e-02;0.036611;0
821/736/821.jpg;8.299965;3.223285e-02;-0.555136;2.331941e+00;2.031841;1.340223e+00;0.116565;6.980387e-02;0.059536;0
821/737/821.jpg;5.338911;-7.640262e-01;-2.319463;1.649558e+00;1.395391;8.060029e-01;0.053006;3.283129e-02;0.042679;0
911/738/911.jpg;4.530184;1.144763e+00;1.294763;7.416896e+00;7.633707;5.172694e+00;0.246738;1.739123e-01;0.114721;0
911/739/911.jpg;5.148677;3.851408e+00;2.119988;7.237024e+00;7.186096;5.069265e+00;0.114186;5.766781e-02;0.048325;0
911/740/911.jpg;4.165363;-1.545018e-02;-2.996088;9.193602e+00;6.540657;4.289693e+00;0.673623;6.018090e-01;0.436202;0
911/741/911.jpg;7.769981;3.328305e-01;1.080491;9.063462e+00;7.264914;4.714611e+00;0.635804;5.123972e-01;0.330564;0
911/742/911.jpg;5.662180;-2.470875e+00;3.731861;7.262459e+00;7.169508;5.072830e+00;0.111771;4.817442e-02;0.042624;0
911/743/911.jpg;7.622961;2.354793e+00;4.464486;4.254039e+00;4.225082;2.549362e+00;0.545330;4.115550e-01;0.257382;0
911/744/911.jpg;6.537926;-5.010026e+00;-0.801241;2.302578e+00;1.801668;9.651192e-01;0.171100;1.392114e-01;0.131748;0
911/745/911.jpg;9.035708;-5.114890e-02;-0.083626;2.947166e+00;2.648484;1.869531e+00;0.330107;1.877539e-01;0.106311;0
912/746/912.jpg;3.228229;-9.837362e-01;0.949378;4.363602e+00;7.537177;2.746183e+00;0.159009;1.891991e-01;0.181766;0
912/747/912.jpg;6.348971;5.395415e+00;-0.609731;3.190896e+00;3.480577;2.065806e+00;0.099615;1.210883e-01;0.143386;0
912/748/912.jpg;7.376632;3.716628e+00;-0.483194;1.397722e+00;1.203539;6.873071e-01;0.091416;8.896647e-02;0.092336;0
912/749/912.jpg;7.356406;2.279524e+00;3.613961;3.306506e+00;3.414901;1.759957e+00;0.265214;1.806247e-01;0.112351;0
912/750/912.jpg;5.221672;-8.238268e-01;4.018665;7.633868e+00;7.139257;4.711425e+00;0.074163;6.732765e-02;0.069015;0
912/751/912.jpg;5.135008;7.244080e+00;2.836603;3.974008e+00;4.590331;2.090378e+00;0.351967;2.510219e-01;0.159817;0
912/752/912.jpg;8.664525;1.038208e+00;0.666268;8.744593e-01;1.107094;3.657183e-01;0.002541;4.030049e-03;0.029595;0
912/753/912.jpg;6.801343;5.166660e+00;4.714833;2.863641e+00;2.875092;1.570933e+00;0.008082;1.476102e-02;0.035502;0
912/754/912.jpg;6.304450;4.810046e-01;-0.812222;4.841228e+00;6.647035;2.086257e+00;0.199219;2.170938e-01;0.228816;0
913/755/913.jpg;5.278120;1.323088e-02;2.257918;1.020793e+01;10.874763;6.613507e+00;0.250239;1.742809e-01;0.114849;0
913/756/913.jpg;7.436018;2.430882e+00;3.417961;6.485525e+00;6.189220;3.660975e+00;0.226497;1.981263e-01;0.166158;0
913/757/913.jpg;5.152069;5.839441e+00;2.531325;8.448234e+00;9.773012;6.252918e+00;-0.031604;-1.175456e-02;0.024232;0
913/758/913.jpg;8.926146;3.522331e-01;0.359767;1.805611e+00;1.902033;1.270532e+00;0.004465;2.182224e-03;0.028541;0
914/759/914.jpg;2.614478;-3.049460e-01;1.276709;5.255361e+00;6.515206;4.218586e+00;1.047909;1.441019e+00;1.851637;0
914/760/914.jpg;7.081305;2.342432e+00;2.381474;6.121053e+00;6.567038;5.004745e+00;0.227069;1.425363e-01;0.091060;0
914/761/914.jpg;6.118621;3.673141e+00;3.410889;4.662254e+00;4.379453;3.132992e+00;0.142240;8.713472e-02;0.063566;0
914/762/914.jpg;8.252231;2.455623e+00;4.527766;3.432491e+00;3.325666;2.137257e+00;0.316626;1.721698e-01;0.094056;0
914/763/914.jpg;4.392045;4.634946e+00;2.388251;6.689720e+00;5.857920;3.714401e+00;0.402776;2.985822e-01;0.194379;0
914/764/914.jpg;8.335063;1.541348e+00;1.010940;3.081276e+00;2.887061;2.423797e+00;0.461931;3.260550e-01;0.201808;0
915/765/915.jpg;3.982848;1.038227e+00;0.391672;5.694796e+00;4.626646;2.845320e+00;0.484303;3.358153e-01;0.193936;0
915/766/915.jpg;6.656319;3.254013e-01;-0.025132;3.191856e+00;2.787155;1.531389e+00;0.312274;2.041070e-01;0.138708;0
915/767/915.jpg;6.027522;3.391162e+00;1.810151;4.725398e+00;4.563577;2.496667e+00;0.028006;1.540570e-02;0.033051;0
915/768/915.jpg;8.222596;4.795013e-01;0.801796;3.018513e+00;2.287414;1.426097e+00;0.058604;2.723158e-02;0.037219;0
916/769/916.jpg;3.023414;7.181219e-01;0.419491;7.627350e+00;5.612101;3.891481e+00;0.317534;2.206881e-01;0.148284;0
916/770/916.jpg;6.338250;4.034718e+00;3.408168;6.831798e+00;6.501978;4.116385e+00;0.092677;4.775791e-02;0.044189;0
916/771/916.jpg;5.804461;1.343432e-01;-0.287854;2.607306e+00;2.379435;1.403992e+00;0.150657;7.529803e-02;0.055257;0
916/772/916.jpg;8.522746;1.450957e+00;2.731120;5.158427e+00;4.824412;3.008521e+00;0.021677;1.044976e-02;0.030760;0
916/773/916.jpg;4.518165;1.779427e-03;-1.306703;1.474716e+01;7.447893;7.579809e+00;0.063894;6.022560e-02;0.056580;0
917/774/917.jpg;4.538274;-2.335149e-02;1.651964;1.093744e+01;8.688754;5.767993e+00;0.223711;1.420756e-01;0.092698;0
917/775/917.jpg;4.368555;6.239922e+00;0.294190;7.006930e+00;6.086449;3.800044e+00;0.309766;1.791035e-01;0.100611;0
917/776/917.jpg;8.009995;1.125329e+00;0.633925;4.471246e+00;3.960047;2.545936e+00;0.288881;1.503673e-01;0.084173;0
917/777/917.jpg;6.351597;3.372161e+00;2.342350;6.952524e+00;6.272326;4.035614e+00;0.030588;2.566006e-02;0.038861;0
917/778/917.jpg;6.096133;1.618151e+00;1.185531;2.511893e+00;2.477125;1.280043e+00;0.147513;9.974397e-02;0.077795;0
918/779/918.jpg;1.612711;1.046769e-02;0.477745;3.545394e+00;3.231288;2.750781e+00;0.424805;2.937341e-01;0.174483;0
918/780/918.jpg;5.538241;-1.692708e+00;3.928826;7.048978e+00;6.361449;4.345322e+00;0.187175;1.794931e-01;0.160079;0
918/781/918.jpg;4.332813;-1.624609e+00;-3.693973;3.424846e+00;4.214826;2.065325e+00;0.632977;8.106074e-01;1.119436;0
918/782/918.jpg;4.889315;4.195066e+00;2.703464;7.168160e+00;6.528726;3.804553e+00;0.261075;1.992999e-01;0.133207;0
918/783/918.jpg;4.729076;-1.479498e-01;0.076553;1.405653e+01;12.104587;7.588409e+00;2.341936;4.973459e+00;9.184115;0
918/784/918.jpg;8.111909;7.778918e-01;1.114635;8.157357e+00;6.384233;3.900297e+00;0.431753;3.304665e-01;0.222157;0
918/785/918.jpg;7.469359;-3.275271e-01;-0.772349;1.073699e+01;8.246054;5.399843e+00;0.665535;5.622148e-01;0.387898;0
918/786/918.jpg;7.122875;2.956786e+00;4.188625;5.105089e+00;5.264326;3.165549e+00;0.117249;7.094996e-02;0.056347;0
918/787/918.jpg;2.424669;2.270716e-01;0.725289;1.204320e+01;10.266221;7.506050e+00;0.405307;2.931643e-01;0.181558;0
918/788/918.jpg;7.509040;2.116428e-01;3.649423;4.861905e+00;5.293491;2.986326e+00;0.365745;2.640361e-01;0.174014;0
918/789/918.jpg;6.469137;-2.441814e+00;-3.744967;2.600590e+00;3.250476;1.579934e+00;0.270818;3.574768e-01;0.445871;0
918/790/918.jpg;5.618208;7.187030e+00;2.803902;5.350849e+00;5.407550;3.029196e+00;0.051385;3.417177e-02;0.041527;0
919/791/919.jpg;6.151582;-1.978929e+00;3.546684;9.481726e+00;6.858776;4.772089e+00;0.347290;3.443373e-01;0.281659;0
919/792/919.jpg;4.304486;1.153170e+00;1.725663;1.030535e+01;5.395144;3.680940e+00;0.448625;3.350661e-01;0.235186;0
919/793/919.jpg;7.562196;1.488471e+00;-0.265672;5.571126e+00;3.883638;2.945682e+00;0.934511;9.619094e-01;0.808239;0
919/794/919.jpg;6.679198;2.658367e+00;4.250453;3.887017e+00;3.309319;2.015395e+00;0.308823;2.347198e-01;0.155934;0
919/795/919.jpg;7.795490;1.398450e+00;2.535802;5.070437e+00;4.017816;2.585279e+00;0.143764;7.748567e-02;0.056648;0
919/796/919.jpg;4.129710;4.265108e+00;2.116356;7.412995e+00;5.066321;3.352936e+00;0.381081;3.429278e-01;0.261381;0
919/797/919.jpg;8.679006;-1.999247e-01;0.221436;4.704714e+00;2.908223;2.232647e+00;0.267872;1.552895e-01;0.092015;0
920/798/920.jpg;4.846370;1.854550e+00;-2.133548;4.428599e+00;4.364555;3.858817e+00;2.038951;4.156257e+00;7.237817;0
920/799/920.jpg;4.985285;4.432376e+00;2.267249;5.104558e+00;6.118699;3.660936e+00;1.082716;1.412035e+00;1.647958;0
920/800/920.jpg;8.171033;1.216952e+00;3.155558;2.218652e+00;2.757750;1.291315e+00;0.088088;6.508789e-02;0.058058;0
920/801/920.jpg;5.123920;8.608862e-01;2.397319;6.756106e+00;12.783644;5.468830e+00;0.483214;4.777862e-01;0.429221;0
920/802/920.jpg;5.601651;-1.180620e+00;4.072771;5.207006e+00;6.162312;3.418869e+00;0.313144;2.200190e-01;0.141053;0
920/803/920.jpg;7.211166;2.936681e+00;4.534827;2.810376e+00;2.932720;1.733389e+00;0.355918;2.407796e-01;0.152242;0
920/804/920.jpg;8.850785;4.600284e-01;1.165022;3.188210e+00;4.530826;2.064506e+00;0.223265;1.333591e-01;0.084322;0
920/805/920.jpg;5.041616;9.205967e+00;1.048933;3.924521e+00;3.983718;3.026384e+00;0.662519;6.989241e-01;0.693823;0
920/806/920.jpg;5.368651;-2.690575e+00;-3.196428;4.668060e+00;4.522370;3.455666e+00;0.926759;1.452260e+00;2.449502;0
920/807/920.jpg;6.363464;6.074168e+00;3.597678;3.347890e+00;3.181895;2.490677e+00;0.687864;6.510216e-01;0.514083;0
921/808/921.jpg;3.253185;2.502093e-01;0.541228;3.672230e+00;2.694374;1.948014e+00;0.317229;1.938518e-01;0.112328;0
921/809/921.jpg;3.905170;4.895428e+00;0.298701;5.552715e+00;3.792852;2.881746e+00;0.409141;3.260238e-01;0.242442;0
921/810/921.jpg;7.597452;6.065539e-01;-0.164269;4.835731e+00;3.147970;2.425478e+00;0.478204;3.854603e-01;0.261611;0
921/811/921.jpg;5.156651;8.155351e+00;0.380524;6.680761e+00;4.532523;3.071348e+00;0.615267;5.498353e-01;0.420740;0
921/812/921.jpg;5.370739;9.989608e-01;1.521548;8.805660e+00;9.230524;5.258716e+00;0.463996;3.486934e-01;0.215321;0
921/813/921.jpg;6.361946;5.208099e+00;1.003422;9.851134e+00;6.408500;4.153621e+00;0.253971;1.967397e-01;0.140960;0
921/814/921.jpg;7.766216;2.670543e+00;2.548046;5.798220e+00;4.729701;3.001425e+00;0.031703;2.522184e-02;0.039630;0
921/815/921.jpg;5.156005;1.130989e+01;0.265502;2.405832e+00;1.720074;1.457417e+00;0.407044;3.126527e-01;0.200888;0
922/816/922.jpg;2.956334;6.024274e-01;0.731906;4.145140e+00;3.190502;2.377237e+00;0.901373;8.951329e-01;0.687222;0
922/817/922.jpg;7.262607;1.622209e+00;2.608138;6.052361e+00;5.785229;3.581075e+00;0.354404;2.379379e-01;0.142088;0
922/818/922.jpg;5.144751;4.299281e+00;2.488754;6.395153e+00;5.346126;3.466803e+00;0.182340;1.092167e-01;0.073547;0
922/819/922.jpg;5.916758;-1.494723e+00;3.742777;6.348024e+00;9.450097;4.258160e+00;0.508769;5.501574e-01;0.517404;0
922/820/922.jpg;4.973688;2.116204e+00;2.657716;7.407924e+00;5.969235;3.728449e+00;0.531667;4.104214e-01;0.259096;0
922/821/922.jpg;8.513560;1.055324e+00;1.749712;4.686421e+00;4.372343;2.905879e+00;0.335940;2.121732e-01;0.120886;0
922/822/922.jpg;4.455428;7.921698e+00;0.973836;5.940749e+00;5.142814;3.569799e+00;0.064163;4.098371e-02;0.044091;0
922/823/922.jpg;7.801512;1.631021e+00;4.640173;3.154668e+00;2.564682;1.582345e+00;0.231137;1.457004e-01;0.096382;0
922/824/922.jpg;4.426002;-6.786782e-02;2.171367;9.091221e+00;8.604333;4.948799e+00;0.873286;9.340335e-01;0.819003;0
