DY
814
11
attr0;attr1;attr2;attr3;attr4;attr5;attr6;attr7;attr8;attr9;attr10
10/1/10.jpg;4.341172;2.001338e+00;0.743449;4.005837e+00;4.166342;1.814734e+00;0.393258;3.098684e-01;0.206501;0
10/2/10.jpg;6.793897;1.998718e-01;0.389372;3.082611e+00;3.164081;1.274454e+00;0.369691;2.613573e-01;0.174451;0
10/3/10.jpg;6.730124;3.588253e+00;3.272697;2.223792e+00;2.234794;9.795159e-01;0.222236;1.488565e-01;0.097086;0
10/4/10.jpg;8.981645;1.354628e-01;0.377608;1.493111e+00;1.515786;6.615807e-01;0.314034;1.668340e-01;0.092633;0
10/5/10.jpg;5.068696;7.103896e+00;1.503571;4.552985e+00;4.266126;2.378672e+00;0.625489;6.262805e-01;0.504969;0
10/6/10.jpg;7.469415;2.286296e+00;1.628419;2.378443e+00;2.400872;1.046234e+00;0.191173;1.173418e-01;0.078027;0
11/7/11.jpg;4.277287;4.689561e-01;0.613943;3.829218e+00;4.280950;2.076191e+00;0.551835;4.480687e-01;0.297479;0
11/8/11.jpg;6.148430;2.823883e+00;1.834825;3.671543e+00;4.595876;2.148485e+00;0.018226;1.996711e-02;0.036743;0
11/9/11.jpg;8.507633;3.460268e-01;0.487029;3.631331e+00;3.693452;1.825967e+00;0.087277;3.881406e-02;0.040098;0
11/10/11.jpg;7.196717;-4.244354e-03;3.175476;3.980905e+00;4.152944;2.695538e+00;0.107459;5.590311e-02;0.050790;0
11/11/11.jpg;6.139463;-1.935635e+00;-2.113874;5.152050e+00;6.264494;3.199352e+00;0.417818;4.537610e-01;0.463979;0
12/12/12.jpg;3.070458;1.735570e+00;0.423660;3.280790e+00;2.859869;1.538895e+00;0.699879;5.530864e-01;0.350543;0
12/13/12.jpg;4.208752;4.764065e+00;1.388464;2.976898e+00;2.696478;1.208102e+00;0.748055;6.800181e-01;0.482354;0
12/14/12.jpg;6.556457;-1.055793e-01;1.473031;5.013204e+00;4.516389;2.152134e+00;0.239741;1.714643e-01;0.116809;0
12/15/12.jpg;6.506245;2.953971e+00;1.803496;2.804946e+00;2.764212;1.198258e+00;0.286444;1.768931e-01;0.111828;0
12/16/12.jpg;4.626129;2.768200e-01;0.988008;5.611278e+00;5.604850;2.521682e+00;0.318191;2.055911e-01;0.124551;0
12/17/12.jpg;5.851831;7.798503e+00;2.015901;2.374514e+00;1.839669;1.009266e+00;0.425495;4.173531e-01;0.355199;0
12/18/12.jpg;8.725036;1.778596e-01;0.363308;2.524522e+00;2.729621;1.089540e+00;0.069823;5.167505e-02;0.050939;0
12/19/12.jpg;8.079291;1.777488e+00;5.626493;2.770421e+00;3.154221;1.412014e+00;0.531295;7.044841e-01;0.840945;0
13/20/13.jpg;3.452934;1.171982e+00;0.494124;5.431913e+00;6.666411;3.600644e+00;0.182186;1.042149e-01;0.068190;0
13/21/13.jpg;6.020133;-8.203666e-01;3.465223;5.801769e+00;5.223233;3.878495e+00;0.288207;1.969973e-01;0.126788;0
13/22/13.jpg;4.685978;4.087273e+00;1.409549;6.007638e+00;6.325777;3.411688e+00;0.547859;4.208044e-01;0.260446;0
13/23/13.jpg;6.672411;5.547263e-01;0.572000;5.688335e+00;6.526953;3.126236e+00;0.467932;3.508618e-01;0.224365;0
13/24/13.jpg;5.202880;-1.094972e-01;-1.725890;7.510449e+00;7.724081;5.071806e+00;0.899642;8.622370e-01;0.676665;0
13/25/13.jpg;7.743559;1.482080e+00;3.784253;3.594025e+00;7.201664;2.544906e+00;0.320360;2.593940e-01;0.185121;0
13/26/13.jpg;6.093806;2.087394e+00;1.727878;5.606160e+00;7.466096;3.375842e+00;0.214567;1.526868e-01;0.102759;0
13/27/13.jpg;8.634097;1.520131e-01;0.008499;3.401042e+00;4.912556;1.937456e+00;0.357002;2.542365e-01;0.174176;0
14/28/14.jpg;5.485362;2.031906e-01;1.043230;3.767905e+00;4.389268;2.378822e+00;0.029648;1.776417e-02;0.035425;0
14/29/14.jpg;8.469798;-1.131120e+00;3.968348;2.440520e+00;2.107135;1.588226e+00;0.080424;8.938587e-02;0.076085;0
14/30/14.jpg;8.086923;-1.359669e-02;0.615293;3.225374e+00;3.198646;1.944569e+00;0.098447;6.338971e-02;0.056544;0
15/31/15.jpg;8.919926;1.046302e-01;0.200767;1.571031e+00;1.823966;7.550588e-01;0.135144;9.104344e-02;0.072400;0
15/32/15.jpg;2.736549;1.023352e+00;0.363933;3.810971e+00;4.126427;2.503738e+00;0.322276;2.183074e-01;0.140314;0
15/33/15.jpg;6.572032;3.548117e+00;2.907658;3.988196e+00;4.972969;1.921679e+00;0.362017;2.761484e-01;0.181403;0
15/34/15.jpg;3.963227;4.464795e+00;1.277031;2.664958e+00;3.019868;1.374934e+00;0.063462;3.836731e-02;0.043399;0
15/35/15.jpg;8.154990;1.286515e+00;2.374962;3.670256e+00;4.103307;1.619318e+00;0.415494;3.337542e-01;0.231120;0
15/36/15.jpg;6.139246;4.835372e-01;1.029645;3.867640e+00;5.932574;2.082515e+00;0.510639;3.660853e-01;0.221251;0
15/37/15.jpg;8.322167;1.754444e+00;5.302768;2.979714e+00;3.717458;1.428645e+00;0.414237;3.659132e-01;0.275558;0
15/38/15.jpg;5.015086;7.839267e+00;1.982241;4.259930e+00;3.763614;2.225267e+00;0.125855;1.245353e-01;0.103773;0
15/39/15.jpg;8.112830;-8.329102e-01;-1.187402;1.453981e+00;1.197117;5.254635e-01;0.246104;2.119143e-01;0.157384;0
15/40/15.jpg;4.609031;1.948647e+00;1.664616;4.655739e+00;6.474328;2.353098e+00;0.319907;2.373611e-01;0.152442;0
16/41/16.jpg;2.843971;1.711387e+00;-0.125999;1.933348e+00;2.247569;9.571156e-01;0.508395;3.810305e-01;0.243559;0
16/42/16.jpg;6.115539;2.188887e+00;0.408784;3.080988e+00;3.189880;1.570591e+00;0.095865;4.350999e-02;0.041279;0
16/43/16.jpg;4.118038;4.611197e+00;0.143053;2.165340e+00;2.298375;1.063726e+00;0.125432;7.579222e-02;0.062874;0
16/44/16.jpg;7.793073;1.260173e+00;0.635394;3.448768e+00;3.424335;2.039784e+00;0.071040;3.495724e-02;0.040021;0
17/45/17.jpg;2.286074;4.381462e-01;-0.290775;1.832877e+00;1.451860;7.376023e-01;0.653207;7.408612e-01;0.630702;0
17/46/17.jpg;6.436765;9.604857e-01;2.313428;5.734824e+00;4.756855;3.111588e+00;0.079890;7.684927e-02;0.069094;0
17/47/17.jpg;5.004466;1.206575e+00;0.105446;4.296575e+00;3.392879;1.827832e+00;0.265573;1.771825e-01;0.111837;0
17/48/17.jpg;8.751783;2.577735e-01;-0.096918;4.166222e+00;3.301560;1.822184e+00;0.207253;1.554627e-01;0.125628;0
17/49/17.jpg;3.578991;1.769062e+00;-0.195041;3.272232e+00;2.471763;1.287592e+00;0.271518;1.919501e-01;0.139372;0
17/50/17.jpg;6.398452;3.320367e+00;2.327582;4.413587e+00;3.504158;2.214370e+00;0.029685;2.537798e-02;0.039780;0
18/51/18.jpg;2.652468;3.853392e-01;0.102375;7.663729e-01;0.955283;4.768409e-01;0.360089;1.855231e-01;0.094318;0
18/52/18.jpg;7.149553;1.581232e+00;1.597894;4.414310e+00;4.202985;2.619832e+00;0.167221;1.220241e-01;0.090721;0
18/53/18.jpg;5.067649;4.189656e+00;2.110585;4.943618e+00;5.116160;3.133771e+00;0.097703;9.541015e-02;0.087021;0
18/54/18.jpg;5.490569;1.251936e+01;-0.042244;7.475005e-01;1.200274;4.134288e-01;-0.014647;9.534235e-05;0.029091;0
18/55/18.jpg;3.698359;2.094772e+00;0.747116;3.182063e+00;3.568270;2.108906e+00;0.195092;1.135815e-01;0.073610;0
18/56/18.jpg;8.175092;9.715459e-02;-0.480783;3.351665e+00;3.240153;2.313090e+00;0.509107;3.913212e-01;0.253508;0
19/57/19.jpg;4.601243;6.088675e-01;1.007299;6.491596e+00;7.623195;4.097792e+00;0.092133;8.151878e-02;0.085811;0
19/58/19.jpg;7.398373;2.451776e+00;2.204444;4.772913e+00;3.997988;2.511432e+00;0.091824;6.424388e-02;0.058083;0
19/59/19.jpg;6.505569;7.052152e-01;0.762213;4.950770e+00;5.882001;3.298324e+00;0.017890;1.308737e-02;0.032923;0
19/60/19.jpg;8.592185;4.469615e-01;0.299522;5.040338e+00;5.649112;3.188613e+00;0.188639;1.728003e-01;0.159991;0
20/61/20.jpg;3.219440;9.999077e-01;0.037758;1.995775e+00;2.297557;8.566367e-01;0.445174;2.736896e-01;0.150334;0
20/62/20.jpg;7.417047;1.000026e+00;0.313965;2.663903e+00;2.113797;9.478666e-01;0.047795;2.174690e-02;0.034710;0
20/63/20.jpg;5.198899;2.585825e+00;0.761735;3.438097e+00;3.195993;1.307805e+00;0.134754;7.939953e-02;0.061240;0
111/64/111.jpg;3.096902;2.968750e-01;-0.582122;6.902436e+00;9.136943;5.354559e+00;0.186745;1.291892e-01;0.091039;0
111/65/111.jpg;5.709996;-1.940622e+00;-4.586869;2.155987e+00;2.874905;1.704083e+00;0.294669;1.723501e-01;0.104313;0
111/66/111.jpg;6.191988;7.595146e-01;2.886436;5.339481e+00;4.908550;3.466440e+00;0.468310;3.028304e-01;0.166899;0
111/67/111.jpg;7.200215;-2.311490e+00;-2.321146;2.265244e+00;1.864555;1.194128e+00;0.184730;1.430907e-01;0.113162;0
111/68/111.jpg;4.663533;-1.371850e+00;1.830450;7.004632e+00;6.983248;4.896990e+00;0.261676;1.503575e-01;0.091565;0
111/69/111.jpg;4.858801;-3.082875e+00;-7.428027;8.799573e-01;0.789467;5.875730e-01;0.100731;6.848061e-02;0.061554;0
111/70/111.jpg;8.096373;2.385902e-01;0.063655;3.533962e+00;2.583593;1.557323e+00;0.140711;1.300311e-01;0.099880;0
111/71/111.jpg;6.494500;-4.447800e+00;-4.855679;1.078012e+00;0.991193;5.928313e-01;0.079888;5.985795e-02;0.057013;0
112/72/112.jpg;5.220566;1.650023e+00;0.469287;3.568607e+00;3.534052;2.313731e+00;-0.022842;-1.044262e-02;0.024146;0
112/73/112.jpg;7.523098;-2.511753e+00;-3.097694;1.535098e+00;0.822219;5.795395e-01;-0.022851;-1.769902e-03;0.031089;0
112/74/112.jpg;8.099583;3.893589e-01;0.573160;2.737932e+00;3.385301;1.875263e+00;0.124928;8.653780e-02;0.070707;0
112/75/112.jpg;5.739388;-3.831227e+00;-7.262255;3.735043e-01;0.167721;1.607897e-01;0.013799;2.619154e-02;0.044842;0
113/76/113.jpg;7.180116;-9.148952e-01;-1.533896;3.885069e+00;1.886271;1.535489e+00;-0.034964;-1.306056e-02;0.023916;0
113/77/113.jpg;4.264223;3.312625e-01;-0.218400;1.573128e+01;14.563078;1.211541e+01;0.131207;1.506356e-01;0.119301;0
114/78/114.jpg;2.527330;3.428482e-01;0.122438;1.104880e+01;10.774927;8.343465e+00;0.423742;4.257511e-01;0.332174;0
114/79/114.jpg;4.759079;-1.167002e+00;0.906879;9.819551e+00;9.551651;7.325990e+00;0.168200;1.310230e-01;0.095176;0
114/80/114.jpg;4.918521;-1.950229e+00;-5.029636;3.113555e+00;3.191190;2.326051e+00;0.099973;1.161171e-01;0.096838;0
114/81/114.jpg;8.697565;-4.596199e-01;-0.410026;3.346704e+00;2.202840;1.617530e+00;0.329604;1.887251e-01;0.109498;0
114/82/114.jpg;4.777909;1.860064e+00;0.656292;8.640990e+00;9.152690;6.364716e+00;0.221532;1.833179e-01;0.140985;0
114/83/114.jpg;6.360887;5.711562e-02;1.236145;8.296503e+00;7.583548;5.850408e+00;0.143272;7.556026e-02;0.058472;0
115/84/115.jpg;6.827257;-3.037098e+00;-1.303042;1.071741e+00;0.843471;6.175648e-01;0.349445;3.142011e-01;0.237743;0
115/85/115.jpg;4.144579;-2.614922e+00;1.702929;6.075714e+00;5.682151;3.965513e+00;0.183725;1.499819e-01;0.108371;0
115/86/115.jpg;8.480419;3.055888e-01;0.398486;2.585256e+00;2.050471;1.215479e+00;0.045349;5.604919e-02;0.057670;0
115/87/115.jpg;5.910554;-1.673598e+00;0.587382;7.208128e+00;6.576892;4.495394e+00;0.105446;8.955456e-02;0.075330;0
115/88/115.jpg;7.973801;-1.204902e+00;-0.306086;1.220405e+00;0.917388;6.484861e-01;0.176498;1.507198e-01;0.108369;0
116/89/116.jpg;3.222643;8.493897e-01;-1.165046;9.741668e+00;8.034293;4.654120e+00;1.113317;1.472030e+00;1.876231;0
116/90/116.jpg;5.863952;2.444930e+00;1.405627;9.945318e+00;7.264726;4.623150e+00;0.175942;1.032033e-01;0.075855;0
116/91/116.jpg;5.160903;-6.265762e-01;-3.600489;2.936981e+00;1.377133;1.179357e+00;0.046354;2.594767e-02;0.038930;0
116/92/116.jpg;7.568899;1.207121e+00;0.696884;6.301343e+00;5.342369;3.119896e+00;0.080163;3.746304e-02;0.039919;0
116/93/116.jpg;5.685001;7.597795e-01;-0.488837;6.042139e+00;5.013737;3.020382e+00;0.328640;2.715961e-01;0.197953;0
116/94/116.jpg;5.795223;5.579824e+00;2.034054;6.417452e+00;4.255809;2.918794e+00;0.109447;7.009104e-02;0.059555;0
117/95/117.jpg;4.936121;8.249152e-01;0.455641;1.633459e+01;10.999341;8.135008e+00;0.304132;2.680745e-01;0.202807;0
117/96/117.jpg;8.355097;-1.039659e+00;-0.938435;1.917125e+00;1.070325;8.014292e-01;-0.012552;4.164801e-03;0.031104;0
117/97/117.jpg;7.991980;2.869203e-01;0.362469;6.399110e+00;4.510812;3.379432e+00;0.064310;4.903634e-02;0.050016;0
118/98/118.jpg;5.987033;-4.444629e-01;-1.314140;3.487551e+00;2.008303;1.589741e+00;0.022817;1.727348e-02;0.035843;0
118/99/118.jpg;8.309040;-1.392022e-01;-1.196548;1.893522e+00;1.078035;7.784953e-01;0.090933;6.715091e-02;0.057106;0
118/100/118.jpg;6.794083;8.698886e-01;0.519459;1.021177e+01;6.871144;4.444272e+00;0.050492;3.297924e-02;0.043366;0
119/101/119.jpg;4.179602;-1.837957e+00;-0.552688;8.009182e+00;6.280694;4.269761e+00;0.016172;2.413720e-02;0.040638;0
119/102/119.jpg;8.480786;4.209559e-01;1.164350;3.733732e+00;3.239858;2.129822e+00;-0.000910;1.570729e-02;0.036512;0
119/103/119.jpg;7.105194;-2.219157e+00;-2.826632;1.136195e+00;0.818003;7.158900e-01;0.113686;8.707774e-02;0.074603;0
120/104/120.jpg;7.923591;2.341832e-01;0.270852;2.635477e+00;1.745270;1.266431e+00;0.003853;-5.264457e-04;0.026800;0
120/105/120.jpg;5.856721;-9.569935e-01;-1.097753;3.663702e+00;2.236725;1.558596e+00;0.193295;1.300866e-01;0.086530;0
121/106/121.jpg;7.665131;4.445796e-01;0.166667;6.520916e+00;5.532037;3.187847e+00;0.070593;6.356571e-02;0.057776;0
121/107/121.jpg;5.204219;1.915183e-01;-1.932586;2.639944e+00;1.401789;1.020695e+00;-0.016948;-3.363935e-03;0.027367;0
211/108/211.jpg;2.677798;1.577340e-01;0.276441;7.393935e+00;7.402224;4.837366e+00;0.197275;1.318526e-01;0.090618;0
211/109/211.jpg;6.103784;5.257706e-01;0.583087;1.331161e+01;10.124244;6.420898e+00;0.161429;9.718946e-02;0.070145;0
211/110/211.jpg;4.920574;-2.107607e+00;-5.227414;1.856341e+00;1.265835;8.888363e-01;0.388669;2.989391e-01;0.199843;0
211/111/211.jpg;8.581788;3.772161e-01;0.189341;6.502512e+00;5.646015;3.619204e+00;0.108396;5.377940e-02;0.047386;0
212/112/212.jpg;2.366602;1.257314e-01;-0.030838;4.926803e+00;4.559725;2.700511e+00;0.024967;4.899422e-02;0.072642;0
212/113/212.jpg;7.267903;8.469885e-01;2.262241;8.484489e+00;7.586841;5.536445e+00;0.143428;8.698598e-02;0.064312;0
212/114/212.jpg;5.180759;3.072281e-01;1.616487;1.022637e+01;10.744208;6.959258e+00;0.076120;4.147903e-02;0.043314;0
212/115/212.jpg;8.096215;2.282580e-01;0.368827;3.996726e+00;4.787529;2.488595e+00;0.258192;1.414410e-01;0.089225;0
213/116/213.jpg;4.207218;-6.730218e-03;0.155325;1.031603e+01;10.858989;5.613572e+00;0.249349;1.958840e-01;0.155886;0
213/117/213.jpg;4.869938;-2.358108e+00;-4.409903;5.044448e-01;0.526313;3.264709e-01;-0.018752;-1.153644e-02;0.023150;0
213/118/213.jpg;7.817220;2.527941e-01;0.412270;5.818569e+00;7.823893;3.079062e+00;0.083224;6.597347e-02;0.065537;0
214/119/214.jpg;3.731285;-9.695281e-02;-0.016667;6.103780e+00;9.450911;3.760695e+00;0.153081;9.276178e-02;0.065953;0
214/120/214.jpg;6.282454;-2.022632e+00;-4.623489;6.801391e-01;1.097381;4.486316e-01;0.045784;2.688882e-02;0.037978;0
214/121/214.jpg;7.703954;2.330054e-01;0.151143;5.162577e+00;11.219805;3.652622e+00;0.170283;9.893342e-02;0.068550;0
215/122/215.jpg;3.102554;-1.016584e-01;0.663007;7.686725e+00;7.764263;5.175036e+00;0.025648;2.254780e-02;0.038637;0
215/123/215.jpg;6.326855;-2.234526e+00;-4.733823;3.208241e-01;0.247632;1.991822e-01;-0.015840;2.030042e-04;0.029073;0
215/124/215.jpg;7.512321;6.104655e-01;1.076098;6.943059e+00;7.780923;3.623461e+00;0.040732;2.167632e-02;0.034912;0
215/125/215.jpg;7.670124;-1.613698e+00;-3.343858;9.557828e-01;0.788125;6.059001e-01;-0.026059;-6.995748e-03;0.026891;0
216/126/216.jpg;3.603090;2.066734e-01;0.516447;1.045937e+01;7.239452;4.827522e+00;0.104016;6.850357e-02;0.055974;0
216/127/216.jpg;8.221042;3.572654e-01;0.308482;8.804535e+00;5.283020;3.511344e+00;0.048955;2.349958e-02;0.035731;0
216/128/216.jpg;4.557252;-2.009794e+00;-5.373714;1.571602e+00;0.426489;4.785247e-01;0.192035;2.184299e-01;0.167872;0
217/129/217.jpg;3.157218;3.776099e-01;0.580017;7.540562e+00;7.017718;4.470559e+00;0.148181;6.908742e-02;0.049380;0
217/130/217.jpg;8.952291;-5.970781e-01;-0.761057;2.082738e+00;1.355621;1.089799e+00;0.127457;1.206408e-01;0.118580;0
217/131/217.jpg;7.275542;9.489676e-01;1.573079;7.261882e+00;6.487664;4.339422e+00;0.020934;7.619006e-03;0.029262;0
218/132/218.jpg;2.718416;1.483691e-01;-0.465762;5.865733e+00;5.450168;2.922649e+00;0.036530;6.142534e-02;0.099491;0
218/133/218.jpg;5.831070;9.579075e-01;1.325649;1.489361e+01;8.532623;5.266077e+00;0.288951;2.052106e-01;0.137122;0
218/134/218.jpg;7.802056;-6.133798e-01;-2.229334;1.530753e+00;1.460819;9.562808e-01;0.065406;7.109593e-02;0.064735;0
218/135/218.jpg;8.346156;1.460050e+00;6.022610;4.119296e+00;3.864201;2.005723e+00;0.049437;5.544637e-02;0.056383;0
218/136/218.jpg;4.044001;1.338635e+00;1.127773;1.761403e+01;7.736619;5.129736e+00;0.281575;2.473024e-01;0.176817;0
218/137/218.jpg;7.581718;5.519218e-01;0.598670;9.562100e+00;7.833992;4.696074e+00;0.189687;1.489819e-01;0.113902;0
219/138/219.jpg;3.699378;1.366361e-01;0.597922;7.508894e+00;7.037473;3.544206e+00;0.097556;6.438819e-02;0.062802;0
219/139/219.jpg;8.033778;-9.717215e-01;-2.732911;7.117477e-01;0.446180;3.527199e-01;0.007866;2.224650e-02;0.042076;0
219/140/219.jpg;7.488852;8.931262e-01;1.157024;7.274471e+00;7.103410;3.369033e+00;-0.015698;-3.494709e-05;0.029618;0
220/141/220.jpg;5.234287;4.918800e-01;0.226142;1.049562e+01;11.835516;6.938297e+00;0.559734;5.492604e-01;0.469463;0
220/142/220.jpg;5.893045;-1.755734e+00;-5.230071;4.416292e-01;0.615501;2.891694e-01;0.012943;1.725713e-03;0.027666;0
220/143/220.jpg;8.348383;2.370621e-01;-0.425406;4.098935e+00;4.725175;2.736137e+00;0.120133;6.887794e-02;0.058855;0
221/144/221.jpg;7.959332;1.597813e-01;0.564302;7.823063e+00;7.721041;5.138330e+00;-0.045273;-2.006440e-02;0.021341;0
221/145/221.jpg;4.206823;-2.019425e-01;0.010352;1.205378e+01;12.765815;7.991978e+00;0.031482;2.366598e-02;0.037446;0
311/146/311.jpg;2.169912;-1.734838e-01;-0.129818;8.594400e+00;6.407969;3.770914e+00;0.702997;7.277999e-01;0.660828;0
311/147/311.jpg;4.477755;3.584587e+00;1.758706;1.051555e+01;11.438701;3.740520e+00;0.376208;3.397114e-01;0.252501;0
311/148/311.jpg;5.270523;-1.300905e+00;-1.404758;8.223299e+00;7.489624;3.666420e+00;0.236105;1.702671e-01;0.116754;0
311/149/311.jpg;6.570406;5.453530e+00;3.722135;6.367920e+00;5.435165;2.338815e+00;0.407461;2.731286e-01;0.162527;0
311/150/311.jpg;5.685714;5.102937e-01;1.367378;5.951676e+00;3.960057;1.848024e+00;0.376923;3.422853e-01;0.267444;0
311/151/311.jpg;8.460780;2.507647e-01;0.494926;9.477535e+00;5.197702;3.365280e+00;0.191154;1.564960e-01;0.110761;0
311/152/311.jpg;7.960385;-1.721394e+00;-2.219271;1.042297e+00;0.639066;4.713512e-01;0.171406;1.395059e-01;0.099569;0
311/153/311.jpg;6.559210;8.145885e+00;4.326794;3.036523e+00;1.829767;1.085766e+00;0.206358;1.691702e-01;0.116713;0
311/154/311.jpg;3.652806;1.035076e-01;1.111671;1.057990e+01;10.462566;4.564695e+00;0.465443;4.890809e-01;0.466883;0
312/155/312.jpg;3.004303;1.330045e+00;-1.685682;9.497935e+00;6.786541;3.886360e+00;0.349188;3.621529e-01;0.308697;0
312/156/312.jpg;6.775938;2.517432e-01;-1.050181;7.163765e+00;5.285456;2.933237e+00;0.474498;3.142203e-01;0.178812;0
312/157/312.jpg;4.904661;1.299684e+00;0.612553;1.418598e+01;14.435622;1.008992e+01;0.254967;2.275225e-01;0.222366;0
312/158/312.jpg;4.714660;-1.804259e+00;-5.082736;1.414669e+01;5.589371;3.727945e+00;0.069600;5.479744e-02;0.057910;0
312/159/312.jpg;2.616634;3.087615e+00;0.458127;9.037149e+00;6.747893;4.920210e+00;0.333147;2.363236e-01;0.152199;0
312/160/312.jpg;8.636102;-3.741062e-01;-1.240443;2.567547e+00;1.744186;1.209805e+00;0.086893;4.588899e-02;0.044889;0
312/161/312.jpg;7.053404;2.198627e+00;1.329162;6.621919e+00;3.081441;2.109975e+00;0.998622;1.161290e+00;1.131561;0
312/162/312.jpg;6.927752;-4.624377e+00;-5.266190;3.336625e+00;2.321370;1.302972e+00;0.119025;5.318312e-02;0.047482;0
312/163/312.jpg;4.955023;4.329014e-01;-1.458395;1.132019e+01;11.384182;5.491009e+00;0.291884;1.980648e-01;0.133269;0
313/164/313.jpg;2.010493;1.365731e-01;-0.249881;7.959502e+00;8.253976;3.462485e+00;0.204415;1.796530e-01;0.156943;0
313/165/313.jpg;5.102212;3.550117e+00;0.147939;9.724950e+00;9.664325;4.214320e+00;0.537680;4.712483e-01;0.354596;0
313/166/313.jpg;7.049094;-9.563036e-02;-1.084304;5.182135e+00;2.287178;1.696304e+00;0.294366;2.119936e-01;0.135954;0
313/167/313.jpg;5.218559;1.093286e+01;1.500085;6.407826e+00;4.451324;2.497723e+00;0.731660;6.061150e-01;0.405904;0
313/168/313.jpg;5.031049;2.530692e-01;-0.389297;1.139430e+01;13.085637;5.112402e+00;0.431464;3.884971e-01;0.294704;0
313/169/313.jpg;5.247061;6.979967e+00;0.758837;9.650738e+00;6.433918;3.352160e+00;0.542462;3.992372e-01;0.247473;0
313/170/313.jpg;8.764745;-2.109438e+00;-1.533034;6.932046e-01;0.356417;3.180168e-01;0.068256;6.543420e-02;0.066405;0
313/171/313.jpg;5.192421;1.395935e+01;2.374376;2.181720e+00;1.661435;9.717790e-01;0.111405;6.168894e-02;0.052949;0
313/172/313.jpg;4.988455;-2.135271e+00;-3.577011;6.766121e+00;3.253382;2.364035e+00;0.945133;1.129394e+00;1.043578;0
313/173/313.jpg;8.657346;4.738080e-01;0.156916;6.357832e+00;7.805206;3.067154e+00;0.520506;5.051408e-01;0.389726;0
314/174/314.jpg;2.694788;2.948373e+00;0.237230;6.198016e+00;5.611748;3.059690e+00;0.324194;2.887497e-01;0.215090;0
314/175/314.jpg;4.417850;3.245249e-01;-1.695232;7.336369e+00;6.446786;2.578015e+00;0.280165;1.866260e-01;0.118599;0
314/176/314.jpg;4.227390;-1.742619e+00;-4.426271;5.906671e+00;4.251851;2.158279e+00;0.374739;3.406742e-01;0.260142;0
314/177/314.jpg;8.612483;5.008984e-02;-0.995089;3.110930e+00;1.716016;8.023235e-01;0.165390;1.166092e-01;0.084516;0
314/178/314.jpg;4.904486;1.562909e+00;0.646810;5.084703e+00;4.670357;2.255563e+00;0.183768;1.274847e-01;0.089614;0
314/179/314.jpg;6.953142;9.542046e-01;0.102714;8.278286e+00;9.772624;3.144813e+00;0.268006;2.315363e-01;0.166142;0
315/180/315.jpg;1.705929;-3.331630e-02;-0.816800;9.100296e+00;6.449939;3.747375e+00;0.253927;1.492004e-01;0.092591;0
315/181/315.jpg;4.957093;4.083778e+00;0.846699;1.585439e+01;5.863780;3.402015e+00;0.567528;7.028077e-01;0.844422;0
315/182/315.jpg;6.753352;-1.938878e-01;-1.109170;6.325429e+00;5.252086;3.027156e+00;0.321186;1.909386e-01;0.110664;0
315/183/315.jpg;4.649350;1.278860e+01;2.572616;2.824964e+00;1.240612;8.099062e-01;0.204702;1.876817e-01;0.147861;0
315/184/315.jpg;4.450981;-3.212376e-01;-0.945557;9.677176e+00;10.015778;5.678920e+00;0.143101;9.227506e-02;0.067693;0
315/185/315.jpg;3.935616;8.776826e+00;1.731279;6.455607e+00;2.245622;1.597203e+00;0.528563;8.287948e-01;0.975117;0
315/186/315.jpg;8.801801;3.134563e-01;0.080183;7.537472e+00;4.668260;2.536127e+00;0.186731;1.329519e-01;0.094456;0
316/187/316.jpg;1.304404;2.456075e-01;-0.404264;6.961272e+00;5.828469;3.541831e+00;0.380636;2.784741e-01;0.181519;0
316/188/316.jpg;5.440823;4.380992e+00;0.335641;8.333591e+00;7.551041;3.334833e+00;0.914081;1.109047e+00;1.115413;0
316/189/316.jpg;7.899703;2.267681e-01;-0.069013;5.976737e+00;5.461367;2.450136e+00;0.248174;1.882876e-01;0.142814;0
316/190/316.jpg;5.062898;1.080691e+01;1.682361;6.755490e+00;3.918339;2.230613e+00;0.849701;9.642287e-01;0.914627;0
316/191/316.jpg;5.008318;-1.747885e+00;-2.325188;6.394343e+00;8.642397;3.475546e+00;0.063214;6.541400e-02;0.066820;0
316/192/316.jpg;4.710615;7.642493e+00;1.209902;6.881154e+00;6.427848;3.065709e+00;0.691037;6.885199e-01;0.562173;0
316/193/316.jpg;8.971612;-6.676265e-01;-0.641485;8.843662e-01;0.822347;4.215938e-01;0.130908;1.269671e-01;0.097091;0
316/194/316.jpg;5.061520;1.335132e+01;2.138172;2.698627e+00;1.496250;9.895824e-01;0.237761;1.483373e-01;0.094836;0
316/195/316.jpg;3.385873;-8.227996e-02;-0.931894;1.106033e+01;11.464831;5.071678e+00;0.370152;2.942852e-01;0.207400;0
317/196/317.jpg;1.770314;-3.679523e-02;-0.234286;5.612957e+00;5.430007;3.142891e+00;0.446112;3.608122e-01;0.249871;0
317/197/317.jpg;5.835489;3.391119e+00;0.163036;1.441125e+01;8.473427;5.316620e+00;0.740248;7.185043e-01;0.571442;0
317/198/317.jpg;5.268194;3.056109e-02;1.285458;1.598532e+01;11.248972;9.224635e+00;0.284533;2.390237e-01;0.191652;0
317/199/317.jpg;5.200613;1.016079e+01;0.964087;7.635761e+00;5.893178;3.130346e+00;0.515974;4.073026e-01;0.263462;0
317/200/317.jpg;4.665320;-2.432600e-01;-0.970793;1.187671e+01;9.110785;5.195835e+00;0.523429;4.112582e-01;0.266967;0
317/201/317.jpg;4.417496;6.013475e+00;0.539789;9.016553e+00;7.600777;4.172601e+00;0.643690;7.587973e-01;0.734388;0
317/202/317.jpg;7.037958;-4.117467e-03;-0.682334;7.221583e+00;5.946431;3.265089e+00;0.341424;2.255911e-01;0.133152;0
317/203/317.jpg;5.061826;1.296773e+01;1.412260;2.537752e+00;1.601696;1.195072e+00;0.117008;5.441266e-02;0.046180;0
317/204/317.jpg;2.846563;4.582974e-02;0.269817;1.445197e+01;12.680784;8.636324e+00;0.738107;6.547829e-01;0.462323;0
318/205/318.jpg;1.683338;6.669186e-01;-0.426678;1.015518e+01;9.146734;4.713167e+00;0.389595;3.100683e-01;0.217984;0
318/206/318.jpg;6.436217;1.927276e+00;3.250952;9.724287e+00;9.809664;3.707875e+00;0.638882;5.455911e-01;0.388813;0
318/207/318.jpg;5.765585;-9.712924e-01;-2.476999;5.024593e+00;3.311858;1.826880e+00;0.650201;6.455939e-01;0.579183;0
318/208/318.jpg;4.728189;4.489547e+00;0.730660;8.771274e+00;9.737897;3.916033e+00;0.463136;3.202586e-01;0.188635;0
318/209/318.jpg;5.028961;6.865204e-01;-0.287149;1.113541e+01;14.141671;5.064102e+00;0.633752;5.800480e-01;0.441283;0
318/210/318.jpg;8.917701;1.376003e+00;6.901728;6.369727e+00;3.870995;2.046707e+00;0.164393;9.513929e-02;0.066204;0
318/211/318.jpg;6.903767;3.423349e-01;-0.535598;4.840010e+00;4.344615;1.872837e+00;0.262777;1.299709e-01;0.073860;0
318/212/318.jpg;3.894524;8.925935e+00;1.525380;4.776745e+00;3.700280;2.041723e+00;0.164527;9.920723e-02;0.075516;0
318/213/318.jpg;3.168152;-1.237549e-01;-1.795398;1.269312e+01;9.890901;5.419126e+00;0.324720;2.662176e-01;0.190187;0
318/214/318.jpg;7.271584;4.257313e+00;6.077657;3.717959e+00;4.511008;1.769168e+00;0.105111;6.140551e-02;0.054039;0
318/215/318.jpg;8.756890;-9.402408e-01;-1.137013;5.606102e+00;3.391661;1.857857e+00;0.429784;6.527432e-01;1.283332;0
319/216/319.jpg;2.540827;2.565715e+00;0.299346;8.661738e+00;5.973757;3.618158e+00;0.315229;2.309562e-01;0.161024;0
319/217/319.jpg;6.359398;1.937070e+00;1.156772;8.922098e+00;6.664188;3.427031e+00;0.239385;1.967615e-01;0.134695;0
319/218/319.jpg;5.834401;-1.139825e+00;-0.466714;3.370266e+00;2.393704;1.254069e+00;0.030358;2.438422e-02;0.039033;0
319/219/319.jpg;8.135448;5.892868e-01;-0.001185;5.912891e+00;3.464152;1.793741e+00;0.234979;1.461191e-01;0.096001;0
319/220/319.jpg;4.085694;1.752302e-01;-0.354612;1.138838e+01;9.384020;4.667008e+00;0.271495;2.379408e-01;0.175421;0
320/221/320.jpg;1.542741;1.009414e-01;-0.782065;7.272507e+00;6.717477;3.549485e+00;0.270951;2.213263e-01;0.160558;0
320/222/320.jpg;3.437298;4.465322e+00;0.352676;8.943628e+00;9.053233;3.992973e+00;0.365297;3.109942e-01;0.258485;0
320/223/320.jpg;7.155221;-2.376850e-02;-0.887905;8.321774e+00;5.842966;3.068175e+00;0.588282;4.479942e-01;0.274605;0
320/224/320.jpg;4.971939;8.918026e+00;1.194965;7.163068e+00;7.041937;3.217367e+00;0.520970;4.986595e-01;0.418202;0
320/225/320.jpg;4.882283;2.514124e-02;-0.822793;1.183237e+01;9.257762;4.468462e+00;0.397750;2.879758e-01;0.186632;0
320/226/320.jpg;6.899718;4.762296e+00;0.398904;1.064733e+01;8.194993;4.370054e+00;0.498819;4.677352e-01;0.374588;0
320/227/320.jpg;9.007183;1.500051e-01;-0.214641;4.027624e+00;3.257394;1.737583e+00;0.348068;2.364742e-01;0.143411;0
320/228/320.jpg;5.010413;1.319507e+01;2.029345;2.734770e+00;1.869968;1.189205e+00;0.145545;7.371407e-02;0.055239;0
321/229/321.jpg;2.893667;2.935801e+00;0.327456;8.197428e+00;6.825371;4.011881e+00;0.181017;1.188342e-01;0.086819;0
321/230/321.jpg;8.362990;2.508536e-01;-0.144811;8.425033e+00;6.307880;5.224236e+00;0.402094;3.012971e-01;0.188881;0
321/231/321.jpg;4.451025;2.728995e-01;-1.501201;7.900183e+00;7.663626;4.362064e+00;0.394901;3.043528e-01;0.207359;0
321/232/321.jpg;6.989204;-2.742996e+00;-2.818097;1.374397e+00;1.001204;8.033856e-01;0.209975;1.823225e-01;0.133574;0
321/233/321.jpg;4.466044;5.786598e+00;1.969652;8.664824e+00;6.332143;3.559710e+00;1.987139;4.484895e+00;8.448219;0
321/234/321.jpg;7.897033;4.620581e-01;0.029785;1.435037e+01;19.257334;9.435682e+00;0.118521;6.768430e-02;0.054898;0
321/235/321.jpg;5.446371;1.139697e+00;0.145087;1.169840e+01;15.516268;6.926461e+00;0.294975;2.241294e-01;0.155834;0
411/236/411.jpg;9.457388;2.678082e-02;-0.004348;5.686479e-01;0.471483;3.849680e-01;0.027976;1.830922e-02;0.034678;0
411/237/411.jpg;7.983587;9.085308e-01;1.817071;4.264883e+00;3.776612;2.702384e+00;0.018454;1.745318e-02;0.035941;0
412/238/412.jpg;9.363494;-1.645322e-03;0.109332;5.997277e-01;0.646368;4.007224e-01;0.014562;2.554892e-03;0.027454;0
412/239/412.jpg;6.167837;-5.299345e-01;0.976614;6.630283e+00;8.819705;4.987420e+00;0.025794;3.210874e-02;0.044628;0
413/240/413.jpg;9.412310;1.101655e-01;0.326243;1.245517e+00;0.616939;4.278860e-01;-0.020378;-1.077472e-02;0.023852;0
413/241/413.jpg;6.880737;4.376566e+00;3.596760;8.758766e+00;7.832778;5.108986e+00;0.218239;1.859283e-01;0.137508;0
414/242/414.jpg;9.391001;1.142956e-01;0.379394;7.570345e-01;0.830717;5.890620e-01;0.006825;-2.641687e-05;0.026823;0
414/243/414.jpg;5.428578;8.634003e-02;-0.448430;1.354729e+01;10.673919;7.728029e+00;0.107690;7.947104e-02;0.066449;0
415/244/415.jpg;9.400113;8.740412e-02;0.266936;5.758082e-01;0.480360;3.476362e-01;-0.000801;-2.946336e-03;0.025999;0
415/245/415.jpg;6.565070;5.096676e-01;1.131842;1.159356e+01;7.425500;4.789066e+00;0.110026;8.927516e-02;0.074032;0
416/246/416.jpg;9.450610;6.244289e-02;0.203466;5.840883e-01;0.504177;4.285627e-01;-0.006542;-5.718433e-03;0.025202;0
416/247/416.jpg;6.493182;-1.385483e-01;1.771551;1.649387e+01;10.596081;7.864432e+00;0.135955;1.238902e-01;0.096582;0
417/248/417.jpg;9.416296;1.039216e-01;0.153869;5.274789e-01;0.507170;3.267414e-01;0.010595;4.907008e-04;0.026810;0
417/249/417.jpg;6.683034;1.952738e-01;1.770497;1.143145e+01;7.825807;5.200791e+00;0.067792;5.098568e-02;0.051732;0
418/250/418.jpg;9.396558;1.086006e-01;0.158720;1.251418e+00;0.445734;3.373628e-01;0.011421;6.822688e-04;0.026860;0
418/251/418.jpg;6.583845;2.128086e+00;2.361718;5.841640e+00;6.366667;3.939668e+00;0.062467;5.697902e-02;0.058358;0
419/252/419.jpg;9.423077;2.076807e-02;0.155091;6.440238e-01;0.621785;4.389383e-01;0.007094;6.265176e-05;0.026839;0
419/253/419.jpg;6.288741;-1.859668e-01;2.268358;1.113179e+01;8.835836;5.567358e+00;0.099147;7.489406e-02;0.063980;0
420/254/420.jpg;9.475206;4.853368e-02;0.027449;4.444054e-01;0.341943;2.886451e-01;-0.004138;-5.272440e-03;0.025241;0
420/255/420.jpg;7.038771;2.717618e-02;3.393053;6.736095e+00;6.289109;4.711979e+00;0.068014;6.251191e-02;0.062611;0
421/256/421.jpg;9.364922;1.911196e-01;0.280938;1.185465e+00;0.425334;3.268768e-01;-0.006878;-5.918189e-03;0.025096;0
421/257/421.jpg;6.758683;2.700181e+00;3.225778;8.235278e+00;7.937821;5.348953e+00;0.066653;6.462845e-02;0.063680;0
511/258/511.jpg;5.092940;-7.838572e-01;1.097268;3.808095e+00;4.194348;2.242651e+00;0.101414;6.337252e-02;0.056137;0
511/259/511.jpg;6.574422;-1.740580e+00;4.076464;3.879277e+00;3.578598;2.340347e+00;0.025177;1.640200e-02;0.034459;0
511/260/511.jpg;9.189675;-2.501603e-01;-0.151778;1.619432e+00;1.188635;8.069029e-01;0.163745;1.949547e-01;0.155364;0
512/261/512.jpg;3.966694;1.214125e+00;0.788847;5.957378e+00;8.762082;4.975705e+00;0.206650;1.569495e-01;0.112453;0
512/262/512.jpg;5.939562;-9.654705e-01;2.726358;7.244350e+00;7.339624;5.304550e+00;0.278123;1.763165e-01;0.106201;0
512/263/512.jpg;8.260078;-7.460603e-01;0.273158;6.153775e+00;5.383195;4.007738e+00;0.358667;3.746447e-01;0.321619;0
512/264/512.jpg;7.768098;-8.308032e-01;3.892636;5.014804e+00;5.326336;3.749969e+00;0.117060;6.429730e-02;0.051974;0
512/265/512.jpg;7.105302;1.705217e+00;1.686577;3.922619e+00;5.504291;3.523332e+00;0.030762;2.619231e-02;0.040531;0
513/266/513.jpg;5.680611;-8.069633e-01;1.778860;6.171587e+00;6.247707;3.407707e+00;0.349204;2.400250e-01;0.152337;0
513/267/513.jpg;7.846516;4.692995e-01;2.488237;4.732560e+00;4.139395;2.975297e+00;0.015984;1.159078e-02;0.031795;0
513/268/513.jpg;7.887837;-1.099352e+00;-2.222448;1.523095e+00;1.148671;7.016457e-01;0.232373;1.235352e-01;0.076507;0
514/269/514.jpg;6.047434;-2.074098e+00;1.232677;2.298545e+00;2.673322;1.015205e+00;0.255457;1.979011e-01;0.131234;0
514/270/514.jpg;7.449055;3.247457e-01;1.903964;2.330871e+00;3.223288;1.626650e+00;-0.009271;6.790567e-03;0.033317;0
514/271/514.jpg;7.265700;-1.006380e+00;-0.434078;1.368417e+00;1.679412;5.657095e-01;0.090810;6.403246e-02;0.059316;0
514/272/514.jpg;8.237981;1.348523e+00;3.869995;3.224848e+00;3.985368;2.287146e+00;0.067780;7.577567e-02;0.071539;0
515/273/515.jpg;6.233382;1.260876e+00;2.277925;4.179163e+00;4.539091;2.732494e+00;0.089231;4.245883e-02;0.041907;0
515/274/515.jpg;7.515295;2.468786e+00;4.633450;3.525826e+00;3.489721;2.371705e+00;0.092699;5.462762e-02;0.049014;0
515/275/515.jpg;8.789623;-9.371221e-02;0.021025;3.350309e+00;3.767869;2.315597e+00;0.137095;1.188869e-01;0.089538;0
516/276/516.jpg;3.424785;4.706478e-01;0.288439;3.919691e+00;5.373287;3.018117e+00;0.114643;9.728651e-02;0.087713;0
516/277/516.jpg;8.518796;7.666334e-01;0.242683;2.513551e+00;3.374845;1.624249e+00;0.218316;1.523257e-01;0.101659;0
516/278/516.jpg;5.993540;9.352029e-01;1.106104;3.493812e+00;4.769316;2.410363e+00;0.109361;6.292755e-02;0.051607;0
516/279/516.jpg;8.255520;5.486905e-02;3.530064;4.260662e+00;4.560952;2.781571e+00;0.184848;1.076528e-01;0.077307;0
517/280/517.jpg;4.349382;4.266658e-01;0.834131;3.938390e+00;6.352966;2.534435e+00;0.095785;7.697432e-02;0.064177;0
517/281/517.jpg;8.887814;1.983229e-01;-0.322122;1.476240e+00;1.726493;9.738982e-01;0.069486;5.294241e-02;0.051474;0
517/282/517.jpg;7.943839;8.346123e-01;1.887137;3.747993e+00;4.403620;2.234536e+00;0.107829;6.325892e-02;0.052933;0
518/283/518.jpg;8.178270;9.110665e-01;1.174625;3.221384e+00;3.118128;1.930395e+00;0.042731;1.736480e-02;0.032697;0
518/284/518.jpg;5.434770;7.584646e-01;-0.142986;6.181057e+00;6.944788;3.853941e+00;0.118335;5.182657e-02;0.044860;0
519/285/519.jpg;4.373259;6.472800e-01;0.542810;5.083837e+00;6.090748;2.863663e+00;0.179001;1.242648e-01;0.086535;0
519/286/519.jpg;7.365342;1.282163e+00;1.911143;4.174185e+00;4.468967;2.229042e+00;0.017706;5.686574e-03;0.028936;0
519/287/519.jpg;7.741280;6.023374e-02;-1.088374;2.259231e+00;1.787952;9.787160e-01;0.761435;7.078657e-01;0.531048;0
520/288/520.jpg;3.772476;3.674906e-01;-0.564200;3.434884e+00;4.540909;1.750609e+00;0.368905;2.479817e-01;0.149103;0
520/289/520.jpg;7.934835;1.300633e+00;0.321862;2.958883e+00;3.125150;1.744046e+00;0.005765;1.038895e-02;0.032736;0
520/290/520.jpg;5.613480;-5.650526e-01;0.481438;2.797240e+00;3.094972;1.118977e+00;0.108624;7.437468e-02;0.061666;0
521/291/521.jpg;5.939230;9.818779e-01;1.414926;5.257049e+00;6.563269;3.291469e+00;0.098141;7.385284e-02;0.063668;0
521/292/521.jpg;6.659918;-1.319150e+00;3.951588;3.088067e+00;3.117012;1.902443e+00;0.114836;2.073637e-01;0.260564;0
521/293/521.jpg;8.784950;-2.023718e-01;-1.190590;9.775257e-01;0.913988;5.598091e-01;0.159433;1.858202e-01;0.145397;0
521/294/521.jpg;8.560556;1.145749e+00;1.981534;2.816880e+00;2.392118;1.557435e+00;0.054050;2.046366e-02;0.033566;0
611/295/611.jpg;1.712893;-3.266323e-03;0.167860;1.914383e+00;1.835419;9.711090e-01;0.126929;5.152839e-02;0.042317;0
611/296/611.jpg;7.513801;9.348982e-01;1.811521;1.933259e+00;1.813980;1.017262e+00;-0.049754;-1.943089e-02;0.022264;0
612/297/612.jpg;1.934764;7.867289e-02;0.121953;7.784021e-01;0.801973;4.348962e-01;0.332559;1.860287e-01;0.101425;0
612/298/612.jpg;6.947842;4.479125e+00;-0.950434;2.724366e+00;3.030429;1.624211e+00;0.092375;5.233701e-02;0.046685;0
612/299/612.jpg;3.459810;-7.866247e-01;0.777233;8.100923e-01;0.875331;4.151084e-01;0.409792;2.616927e-01;0.153191;0
612/300/612.jpg;5.273137;7.442397e+00;-2.559561;2.844448e+00;3.003189;1.445866e+00;0.290476;1.643027e-01;0.092843;0
612/301/612.jpg;2.585694;2.618608e+00;-0.468162;2.027249e+00;2.004728;7.765663e-01;0.518591;1.036859e+00;2.020201;0
612/302/612.jpg;8.334430;2.026707e+00;-0.103173;1.481317e+00;1.464286;9.151633e-01;0.030603;1.333577e-02;0.031593;0
613/303/613.jpg;1.209646;6.027440e-02;0.017140;1.197510e+00;1.238885;7.812123e-01;0.165138;7.208149e-02;0.049679;0
613/304/613.jpg;5.438688;8.407839e+00;0.353133;3.506183e+00;2.645551;1.567064e+00;0.028174;1.322046e-02;0.032162;0
613/305/613.jpg;6.594091;2.763713e+00;-0.665818;3.596203e+00;3.295059;1.807161e+00;0.267782;1.383432e-01;0.077285;0
613/306/613.jpg;6.894160;4.944728e+00;-0.295228;1.919279e+00;1.692244;1.076844e+00;0.007363;2.172731e-03;0.027744;0
614/307/614.jpg;2.157996;2.922932e-01;0.039239;7.358245e-01;0.717345;3.978014e-01;0.336708;1.990154e-01;0.111495;0
614/308/614.jpg;7.529775;5.758578e+00;3.098776;1.603735e+00;1.692518;7.455496e-01;0.033468;1.090890e-02;0.029990;0
614/309/614.jpg;4.383221;3.222185e+00;1.244632;2.271037e+00;2.210435;9.291422e-01;0.652597;5.543919e-01;0.385218;0
614/310/614.jpg;6.375819;9.571627e+00;4.410656;2.641755e+00;2.609564;1.124766e+00;0.032436;2.175193e-02;0.036384;0
614/311/614.jpg;3.706845;-3.475671e-01;0.637741;6.953269e-01;0.656262;3.877783e-01;0.420928;2.590856e-01;0.141919;0
615/312/615.jpg;1.569561;1.799953e-01;-0.000345;8.876636e-01;0.907222;5.519170e-01;0.162605;8.657064e-02;0.062061;0
615/313/615.jpg;7.382786;3.877980e+00;2.837639;1.877331e+00;1.897580;9.124977e-01;0.020349;3.579065e-03;0.027275;0
615/314/615.jpg;3.029833;1.847243e-03;0.590879;1.746072e+00;1.889662;9.081013e-01;0.443738;3.949445e-01;0.310020;0
615/315/615.jpg;7.523328;5.055863e+00;5.289287;1.859320e+00;1.660304;8.880069e-01;-0.020395;-5.487405e-03;0.026630;0
616/316/616.jpg;2.861429;8.384470e-01;0.291039;8.531378e-01;0.858866;4.703515e-01;0.298321;1.590706e-01;0.088766;0
616/317/616.jpg;3.489135;7.683212e+00;0.496016;1.702359e+00;1.530862;6.184307e-01;0.339649;2.590693e-01;0.172009;0
616/318/616.jpg;5.045143;-6.606745e-01;2.040053;1.559274e+00;1.740435;9.787113e-01;0.353075;2.154620e-01;0.123506;0
616/319/616.jpg;4.323101;1.138199e+01;1.297014;6.086540e-01;0.651184;3.384686e-01;-0.049302;-1.942001e-02;0.021948;0
617/320/617.jpg;1.255731;1.086055e-02;0.017900;9.572061e-01;0.914100;6.332449e-01;0.159626;7.654070e-02;0.053702;0
617/321/617.jpg;7.579143;2.274055e+00;1.206663;2.172806e+00;1.923037;1.124886e+00;0.041437;1.462510e-02;0.031013;0
617/322/617.jpg;3.062016;9.292357e-01;0.511096;4.643345e+00;3.957484;2.335991e+00;0.831591;7.521406e-01;0.553506;0
617/323/617.jpg;7.447118;3.001134e+00;4.511343;1.789482e+00;1.098655;6.912727e-01;0.033738;1.600620e-02;0.032900;0
618/324/618.jpg;2.243607;7.872189e-02;0.034488;1.113336e+00;1.153365;5.390509e-01;0.197872;9.622055e-02;0.060589;0
618/325/618.jpg;4.554337;1.084422e+01;0.059119;1.180300e+00;1.090164;5.443189e-01;0.036511;2.226419e-02;0.036235;0
618/326/618.jpg;4.460810;-8.359097e-01;1.465365;1.579443e+00;1.272372;5.079390e-01;0.486118;3.642219e-01;0.237384;0
618/327/618.jpg;5.312796;1.047281e+01;-2.723837;1.177942e+00;1.037456;5.412431e-01;0.050030;2.042765e-02;0.033382;0
619/328/619.jpg;2.410972;4.343725e-02;0.137434;2.107632e+00;2.286691;9.565488e-01;0.402124;2.427811e-01;0.134388;0
619/329/619.jpg;6.709064;7.770095e+00;2.090057;1.757699e+00;1.724924;9.602518e-01;0.023754;9.670923e-03;0.029950;0
619/330/619.jpg;5.114789;-7.399627e-01;1.006397;1.831087e+00;2.111245;7.510937e-01;0.343237;2.220752e-01;0.136144;0
619/331/619.jpg;5.982154;1.036256e+01;2.542522;1.678036e+00;1.667005;9.166666e-01;0.106514;4.829000e-02;0.043454;0
619/332/619.jpg;3.929560;1.913015e+00;0.421219;2.023580e+00;1.806810;8.286387e-01;0.126497;1.004280e-01;0.087761;0
620/333/620.jpg;2.907117;1.413750e-01;0.501783;2.207494e+00;2.247726;9.573919e-01;0.581552;4.503938e-01;0.282418;0
620/334/620.jpg;6.246690;5.673051e+00;2.671136;4.954491e+00;5.025936;3.118428e+00;-0.058639;-2.342948e-02;0.020732;0
620/335/620.jpg;6.101168;-6.950593e-01;0.429264;1.927777e+00;1.903749;8.906819e-01;0.467546;2.999853e-01;0.166207;0
620/336/620.jpg;4.545532;1.192820e+01;1.442167;6.762264e-01;0.662653;4.039460e-01;-0.023517;-1.295189e-02;0.023047;0
620/337/620.jpg;4.380386;-4.622766e-01;1.373800;2.441446e+00;2.486359;1.036003e+00;0.462098;2.993428e-01;0.165969;0
621/338/621.jpg;1.647536;2.004240e-01;0.018996;1.431163e+00;1.328651;7.550688e-01;0.323724;1.789881e-01;0.097544;0
621/339/621.jpg;6.787690;5.464919e+00;0.302692;2.426002e+00;2.564905;1.321469e+00;0.184919;1.576734e-01;0.139861;0
621/340/621.jpg;4.340575;-6.326518e-01;0.405259;2.098149e+00;1.978428;1.224903e+00;0.606107;4.872367e-01;0.313966;0
621/341/621.jpg;4.966250;1.083486e+01;0.061238;1.802407e+00;1.551170;8.068516e-01;0.031189;1.488466e-02;0.032361;0
621/342/621.jpg;2.825205;-7.928128e-02;0.289735;2.077048e+00;1.916975;1.107767e+00;0.491704;3.281406e-01;0.190407;0
621/343/621.jpg;6.241648;8.202971e+00;0.398678;2.612393e+00;2.386647;1.182542e+00;0.101596;5.727752e-02;0.049887;0
621/344/621.jpg;5.630651;-3.854610e-01;2.671786;1.569398e+00;1.165163;5.210031e-01;1.126439;1.136165e+00;0.922585;0
711/345/711.jpg;5.997050;1.091016e+00;0.443714;4.229798e+00;7.104067;3.041178e+00;-0.039736;-1.002837e-02;0.026008;0
711/346/711.jpg;7.967012;-7.406175e-01;5.031411;4.184284e+00;4.194015;2.510131e+00;0.206642;1.189024e-01;0.077410;0
711/347/711.jpg;7.446917;-1.215767e+00;3.410110;2.305119e+00;2.401234;1.156808e+00;0.089694;4.928607e-02;0.046289;0
711/348/711.jpg;8.536951;-1.527989e-01;6.799815;4.575567e+00;4.569105;3.268348e+00;0.289101;2.359598e-01;0.157663;0
712/349/712.jpg;4.943346;-4.076280e-02;1.170070;8.291640e+00;8.521044;5.430270e+00;0.121954;6.686439e-02;0.055978;0
712/350/712.jpg;7.055366;-2.139154e+00;-1.256212;5.795933e+00;5.344444;3.891057e+00;0.007617;1.589589e-02;0.037097;0
712/351/712.jpg;5.529030;-1.967469e+00;2.706091;5.436031e+00;5.736998;3.917391e+00;0.187031;1.168978e-01;0.082562;0
712/352/712.jpg;6.975688;-9.866621e-01;3.056058;3.687749e+00;4.377310;2.961318e+00;0.091274;6.904985e-02;0.060879;0
712/353/712.jpg;5.554235;3.566884e+00;2.204384;4.440022e+00;6.154105;2.955664e+00;0.133575;1.097738e-01;0.094672;0
712/354/712.jpg;7.892948;7.291865e-01;0.784483;5.192839e+00;5.200585;3.079165e+00;0.240004;1.994429e-01;0.154492;0
713/355/713.jpg;3.065551;-4.798896e-01;0.661460;9.869260e+00;9.898913;7.513211e+00;0.136119;1.160038e-01;0.088974;0
713/356/713.jpg;5.418732;-1.870212e+00;2.890243;5.603842e+00;6.486907;4.588151e+00;0.079388;3.981714e-02;0.041512;0
713/357/713.jpg;4.951279;8.552634e-01;1.536310;6.369983e+00;8.278449;4.941565e+00;0.309279;2.250807e-01;0.145925;0
713/358/713.jpg;8.213673;8.642312e-01;0.447134;2.492643e+00;3.361692;1.487723e+00;-0.001821;8.053318e-03;0.032339;0
714/359/714.jpg;3.733667;-8.567218e-01;-0.855775;9.656844e-01;0.946227;4.048744e-01;0.034624;4.459743e-02;0.051197;0
714/360/714.jpg;5.095126;3.953902e+00;2.210568;3.592660e+00;6.555144;2.241855e+00;0.032986;4.141600e-02;0.056387;0
714/361/714.jpg;7.497658;-1.101581e-01;-0.953923;3.926811e+00;1.736078;6.412167e-01;0.215641;2.255674e-01;0.168588;0
714/362/714.jpg;6.614235;-7.810803e-01;2.967994;1.915114e+00;2.587470;1.345874e+00;0.061144;4.113431e-02;0.044479;0
715/363/715.jpg;2.186534;-4.025290e-01;-1.939175;1.277783e+00;1.390424;6.094545e-01;0.205182;1.803108e-01;0.138036;0
715/364/715.jpg;5.357341;2.623388e+00;1.999926;3.791241e+00;7.015988;2.530002e+00;0.412999;3.317703e-01;0.214354;0
715/365/715.jpg;7.096063;-7.125698e-01;-0.988277;4.857642e+00;3.315205;1.297144e+00;0.157795;1.896692e-01;0.158267;0
715/366/715.jpg;5.839225;-1.581006e+00;3.233743;2.630429e+00;3.394069;1.878643e+00;0.029088;3.851537e-02;0.047329;0
715/367/715.jpg;3.535331;-1.566682e+00;-0.384250;1.834135e+00;1.351748;6.342862e-01;0.078225;6.411419e-02;0.060973;0
716/368/716.jpg;2.863443;1.166959e+00;-0.020332;3.910747e+00;5.620606;2.628999e+00;0.099031;9.225690e-02;0.083541;0
716/369/716.jpg;7.969017;-2.842983e-01;4.078767;4.583401e+00;5.047244;3.224962e+00;0.289747;1.894137e-01;0.117510;0
716/370/716.jpg;7.640323;-7.460921e-01;1.516827;1.731610e+00;1.933052;8.657916e-01;0.079675;5.068772e-02;0.048525;0
716/371/716.jpg;8.688607;7.736127e-02;6.255246;3.950697e+00;4.254660;2.819281e+00;0.218653;2.174562e-01;0.162004;0
716/372/716.jpg;6.146552;3.233677e+00;1.209906;3.694468e+00;5.678821;2.503012e+00;0.263308;1.891427e-01;0.120708;0
717/373/717.jpg;5.218225;4.298000e+00;2.648350;4.016139e+00;5.630002;2.492000e+00;0.002056;3.420489e-03;0.029196;0
717/374/717.jpg;3.944580;-2.893633e-01;1.123265;4.222430e+00;6.294485;2.452738e+00;0.260055;2.406032e-01;0.204015;0
717/375/717.jpg;8.765668;2.437570e-01;0.510112;4.430809e+00;2.868364;1.042925e+00;0.165794;1.069523e-01;0.074876;0
717/376/717.jpg;6.235788;-6.678713e-01;3.362659;3.777531e+00;3.708888;2.077173e+00;0.100128;4.225628e-02;0.040463;0
718/377/718.jpg;3.998542;-8.277708e-01;1.781266;8.620992e+00;8.298203;6.282856e+00;0.144292;1.002483e-01;0.073524;0
718/378/718.jpg;6.318998;-1.291695e+00;3.944662;5.804667e+00;5.324247;4.366746e+00;0.022007;1.453903e-02;0.033297;0
718/379/718.jpg;6.401490;9.045923e-01;1.516247;6.297503e+00;6.490878;4.261658e+00;0.144025;1.127210e-01;0.086577;0
719/380/719.jpg;5.849020;2.405337e+00;0.557107;4.440679e+00;6.764684;3.137845e+00;-0.003040;2.724089e-03;0.029072;0
719/381/719.jpg;8.525975;-4.321191e-01;4.340579;4.144230e+00;4.790310;3.176481e+00;0.142201;1.306984e-01;0.097932;0
719/382/719.jpg;8.068060;-1.515285e+00;1.167475;1.708048e+00;1.885242;8.206928e-01;0.032768;1.910359e-02;0.034534;0
720/383/720.jpg;5.796519;2.151406e+00;0.215087;5.438573e+00;6.760918;3.990724e+00;-0.007350;-6.094742e-04;0.027734;0
720/384/720.jpg;7.539780;-1.808275e+00;1.176748;4.161978e+00;4.948472;3.070714e+00;-0.004972;-5.262086e-03;0.025301;0
721/385/721.jpg;2.747017;-7.188099e-01;-0.606625;2.041113e+00;1.907579;6.918592e-01;-0.025977;-6.308544e-03;0.027302;0
721/386/721.jpg;5.485747;4.169485e+00;2.898558;4.349573e+00;6.499877;2.563287e+00;0.324040;2.784386e-01;0.194545;0
721/387/721.jpg;8.102830;2.649051e-01;0.164506;5.155704e+00;3.482853;1.288463e+00;0.207624;2.162418e-01;0.189651;0
721/388/721.jpg;6.715380;-5.967776e-01;3.863889;2.131351e+00;2.553933;1.369568e+00;0.006622;2.259189e-02;0.039810;0
721/389/721.jpg;4.770168;-5.156481e-01;1.735863;2.926833e+00;2.496938;9.225619e-01;0.065506;5.503124e-02;0.057363;0
800/390/800.jpg;4.407357;2.016470e+00;0.605978;1.158219e+01;10.026352;8.042562e+00;0.194459;1.124405e-01;0.073220;1
800/391/800.jpg;3.609872;-1.575279e+00;-4.981747;5.474154e+00;4.869350;3.270469e+00;-0.025411;-7.331355e-03;0.026233;1
800/392/800.jpg;7.040760;-4.060388e-01;-1.135309;1.014190e+01;9.118342;6.783081e+00;0.276798;1.920873e-01;0.125666;1
800/393/800.jpg;7.322176;-5.586877e+00;-3.119396;7.718213e-01;0.581667;5.601138e-01;0.181381;1.694151e-01;0.122294;1
800/394/800.jpg;7.144237;3.875649e+00;3.855601;4.858809e+00;4.094139;1.988044e+00;1.013405;9.583638e-01;0.703434;1
800/395/800.jpg;5.392813;-3.264091e+00;-4.980438;3.553664e+00;2.874385;2.234308e+00;-0.014121;-3.131004e-03;0.027307;1
800/396/800.jpg;8.626041;-6.958162e-02;-0.569340;4.049191e+00;3.857747;2.931031e+00;0.094356;4.898873e-02;0.045951;1
801/397/801.jpg;3.019784;1.424045e+00;0.749717;7.057257e+00;6.769442;4.101448e+00;0.236331;1.489797e-01;0.093051;1
801/398/801.jpg;2.752523;-2.858063e-01;-3.638633;5.524065e+00;6.910197;3.401160e+00;0.038746;3.810762e-02;0.046616;1
801/399/801.jpg;8.484441;-1.816883e-01;-1.070136;5.925134e+00;4.233607;3.109279e+00;0.094279;6.136421e-02;0.055820;1
801/400/801.jpg;6.629267;-1.540798e+00;-4.078760;3.506845e+00;2.759391;2.065878e+00;0.131600;6.419291e-02;0.050608;1
801/401/801.jpg;5.436205;4.956742e-01;0.549689;1.060682e+01;8.367856;4.964966e+00;0.097902;5.765263e-02;0.051649;1
802/402/802.jpg;1.165937;-9.784012e-02;-0.125811;3.378378e+00;3.181263;2.110685e+00;0.216989;2.196919e-01;0.170833;1
802/403/802.jpg;7.247613;-5.051560e-01;0.065205;4.189975e+00;3.192242;2.404181e+00;-0.039646;-1.545046e-02;0.023139;1
803/404/803.jpg;5.344154;-2.258992e+00;1.810459;6.158953e+00;6.252285;3.419873e+00;0.126329;1.100230e-01;0.103296;1
803/405/803.jpg;2.878005;5.725155e-02;-1.896995;8.079728e+00;7.343028;5.137114e+00;0.143226;1.955707e-01;0.224919;1
803/406/803.jpg;8.742687;-4.328892e-01;-0.558870;1.634943e+00;1.219851;8.979554e-01;0.293228;1.829823e-01;0.111396;1
803/407/803.jpg;6.130522;-2.565825e+00;-2.302747;3.398736e+00;2.807960;1.977634e+00;0.033633;3.537156e-02;0.045827;1
803/408/803.jpg;6.292815;-1.153316e+00;-0.652520;5.629761e+00;5.087137;3.311341e+00;0.110808;7.569611e-02;0.064207;1
804/409/804.jpg;5.821379;-6.077294e-01;-2.939750;4.959785e+00;5.084542;3.433605e+00;0.033658;3.722905e-02;0.046347;1
804/410/804.jpg;4.569852;-2.469748e+00;-6.525049;5.460233e-01;0.439194;3.221961e-01;0.016529;2.294393e-02;0.038811;1
804/411/804.jpg;7.547083;-2.043929e-01;-0.679063;8.076407e+00;8.115577;5.608553e+00;0.108627;1.054594e-01;0.085882;1
805/412/805.jpg;5.857590;6.638153e-01;0.200037;5.126737e+00;4.538366;3.073192e+00;0.015105;2.450069e-02;0.040259;1
805/413/805.jpg;6.522812;-2.170234e+00;-4.318668;1.477621e+00;1.260297;9.782279e-01;0.241536;1.823646e-01;0.126062;1
805/414/805.jpg;8.283267;-8.672525e-02;-0.527839;5.797790e+00;6.075043;4.323546e+00;0.098088;1.055813e-01;0.087240;1
805/415/805.jpg;5.515009;-3.623503e+00;-6.342220;3.939333e-01;0.197809;1.735407e-01;0.104909;1.119540e-01;0.089493;1
806/416/806.jpg;4.186672;-6.937500e-03;1.082781;1.027626e+01;7.411603;5.356174e+00;0.101476;8.108406e-02;0.066943;1
806/417/806.jpg;6.999256;-1.812061e+00;-2.669919;1.756353e+00;1.491761;1.004421e+00;0.088871;3.942668e-02;0.039641;1
806/418/806.jpg;6.455647;3.030733e-02;0.934943;6.377383e+00;4.397591;3.366827e+00;0.069806;2.857078e-02;0.036398;1
806/419/806.jpg;8.849261;-1.079519e+00;-1.131915;1.197157e+00;1.047567;7.385830e-01;-0.023388;-8.366929e-03;0.025265;1
807/420/807.jpg;3.359478;-6.109796e-01;0.403477;6.452864e+00;6.217993;3.565686e+00;0.089191;1.034863e-01;0.097819;1
807/421/807.jpg;6.099837;-1.648308e+00;-4.177303;5.187996e-01;0.417143;3.068041e-01;0.077035;5.440612e-02;0.051226;1
807/422/807.jpg;5.092744;6.266458e-01;1.485794;5.272682e+00;4.720931;2.721618e+00;0.075617;7.870053e-02;0.076484;1
807/423/807.jpg;8.304456;-4.953817e-01;-0.429546;2.181302e+00;1.698582;1.135638e+00;0.022918;3.008225e-02;0.043916;1
808/424/808.jpg;1.694958;3.374908e+00;0.171436;7.264559e-01;0.648227;4.094769e-01;0.124796;8.181120e-02;0.063506;1
808/425/808.jpg;4.555144;-2.633605e+00;-2.534111;5.870383e+00;2.576791;1.925956e+00;-0.027063;-9.248766e-03;0.025369;1
808/426/808.jpg;2.634230;-1.917463e-01;-2.052160;5.235502e+00;3.571142;2.501619e+00;0.375828;3.137944e-01;0.210186;1
808/427/808.jpg;8.031351;-1.987131e+00;-2.062952;1.191351e+00;1.010791;6.388427e-01;-0.040784;-1.609127e-02;0.023001;1
809/428/809.jpg;5.027517;-2.800097e+00;-0.934333;5.641388e+00;5.571559;3.429037e+00;0.135745;7.595892e-02;0.058878;1
809/429/809.jpg;5.792765;-4.504859e+00;-3.935293;6.346496e-01;0.411083;3.756974e-01;0.067344;6.708812e-02;0.061176;1
809/430/809.jpg;7.761555;-7.502573e-01;-0.575585;7.019450e+00;6.591383;4.166873e+00;0.049850;3.211764e-02;0.041460;1
810/431/810.jpg;0.886981;-2.332484e-02;-0.135731;4.230621e-01;0.424476;2.770146e-01;-0.046698;-2.059742e-02;0.021165;1
810/432/810.jpg;7.558771;-1.136857e+00;0.562446;1.007772e+00;0.918662;6.765490e-01;-0.015363;-1.864823e-03;0.027862;1
810/433/810.jpg;5.215406;-2.338206e+00;-0.790363;8.036170e+00;7.223093;4.831595e+00;0.038526;3.556214e-02;0.044187;1
811/434/811.jpg;1.741140;2.283726e+00;-0.506385;1.468174e+00;1.479872;9.072955e-01;0.371457;4.573123e-01;0.436896;1
811/435/811.jpg;7.623767;-1.690685e+00;-1.951523;6.028693e-01;0.623358;3.330938e-01;-0.001232;8.705505e-03;0.032376;1
811/436/811.jpg;4.149380;-9.971301e-01;-0.337546;6.269548e+00;6.659677;2.845726e+00;0.294530;2.569615e-01;0.182595;1
811/437/811.jpg;8.450298;-7.538926e-02;0.407807;2.792408e+00;3.126605;1.638692e+00;0.075227;6.383439e-02;0.058754;1
812/438/812.jpg;7.923272;-7.197387e-01;-0.811096;3.187646e+00;2.758600;2.000284e+00;0.081350;5.712187e-02;0.053993;1
812/439/812.jpg;2.347738;4.317975e-01;0.259184;8.103763e+00;7.231737;5.203290e+00;0.021879;2.990977e-02;0.043123;1
812/440/812.jpg;7.439849;-2.507746e+00;-3.121834;3.565120e-01;0.260834;2.140155e-01;-0.013111;-2.906814e-03;0.027078;1
812/441/812.jpg;6.643848;-1.080336e+00;4.341058;5.672040e+00;5.578732;4.116535e+00;-0.016502;-5.225413e-03;0.026087;1
813/442/813.jpg;5.579929;5.407754e-01;1.021558;4.711349e+00;3.984063;2.492136e+00;-0.030315;-1.096027e-02;0.024502;1
813/443/813.jpg;6.546929;5.361498e-02;-1.691093;3.500138e+00;2.859668;2.003362e+00;0.062047;4.931206e-02;0.049328;1
813/444/813.jpg;8.006921;9.593526e-01;1.566753;4.124155e+00;3.419503;2.400405e+00;0.265075;1.445772e-01;0.082518;1
813/445/813.jpg;5.977037;-2.335225e+00;-5.300869;5.190048e-01;0.301071;3.502349e-01;0.053280;5.016275e-02;0.051326;1
814/446/814.jpg;8.822118;-2.248955e-02;0.133098;2.697212e+00;1.660943;1.260802e+00;0.242299;1.328214e-01;0.079449;1
814/447/814.jpg;5.792630;-5.003827e-01;-1.798481;3.739240e+00;3.337088;2.195282e+00;-0.011501;-6.892776e-03;0.025004;1
815/448/815.jpg;4.223089;2.358220e-01;0.881125;5.354124e+00;3.659364;2.764543e+00;0.017104;2.830475e-02;0.044742;1
815/449/815.jpg;8.374338;-6.088547e-02;-0.732373;2.908635e+00;2.166847;1.957994e+00;0.077007;7.034753e-02;0.062028;1
815/450/815.jpg;6.152798;4.411474e-01;0.311429;6.511571e+00;4.518083;3.797982e+00;0.085605;4.407762e-02;0.044341;1
816/451/816.jpg;8.283867;1.121933e-01;-0.814364;1.732302e+00;1.389416;1.192120e+00;-0.029352;-4.005222e-03;0.028355;1
816/452/816.jpg;4.458510;1.268255e-01;1.778139;4.598985e+00;3.619680;2.268958e+00;0.043478;3.390532e-02;0.041975;1
817/453/817.jpg;4.413435;9.861951e-01;0.732444;9.117908e+00;7.581069;5.490355e+00;0.214950;1.521618e-01;0.105792;1
817/454/817.jpg;5.173122;-1.258627e+00;-3.327641;5.253344e+00;3.429340;2.932470e+00;0.522708;6.694438e-01;0.746000;1
817/455/817.jpg;7.270261;5.243211e-01;0.251404;6.562680e+00;4.903700;3.564303e+00;0.003847;1.417075e-02;0.036226;1
817/456/817.jpg;4.170481;-2.771918e+00;-5.356511;4.050951e-01;0.254170;2.597193e-01;0.102478;1.020411e-01;0.082294;1
817/457/817.jpg;1.865763;3.577208e+00;0.492331;2.651235e+00;2.308465;1.596818e+00;0.160817;1.385161e-01;0.104824;1
818/458/818.jpg;2.215716;1.443079e+00;-0.259746;3.038217e+00;2.710889;1.426095e+00;0.249885;2.063863e-01;0.152081;1
818/459/818.jpg;7.880711;-2.361933e+00;-2.150301;2.589185e+00;2.333277;1.648894e+00;0.057609;3.415294e-02;0.039950;1
818/460/818.jpg;6.430125;-8.819232e-01;1.401125;6.818604e+00;6.352764;4.292631e+00;0.214904;1.226854e-01;0.080861;1
818/461/818.jpg;8.894538;-1.025623e+00;-0.590211;2.542171e+00;2.248114;1.567937e+00;0.036435;3.014014e-02;0.043043;1
818/462/818.jpg;3.976849;-1.508653e+00;-0.622617;5.310586e+00;4.627907;3.129819e+00;0.329221;2.403075e-01;0.162982;1
819/463/819.jpg;5.050997;-4.738817e-02;-2.344372;1.042143e+01;8.396842;6.790067e+00;0.154642;9.836002e-02;0.072267;1
819/464/819.jpg;4.826410;-2.828463e+00;-7.098828;6.242470e-01;0.400206;5.143632e-01;0.102392;7.329525e-02;0.059966;1
819/465/819.jpg;6.729920;3.446762e-01;-0.399711;1.246737e+01;10.068140;7.838608e+00;0.021425;1.839283e-02;0.036017;1
820/466/820.jpg;3.392428;-1.054598e-01;-1.179104;4.709380e+00;4.326787;3.064751e+00;-0.002542;7.492153e-03;0.032310;1
820/467/820.jpg;7.479056;6.226029e-03;-1.142943;7.174649e-01;0.615706;3.745610e-01;-0.044316;-2.043618e-02;0.021091;1
820/468/820.jpg;5.463504;-9.756870e-02;3.048336;8.397035e+00;4.696267;4.119363e+00;0.052343;5.274004e-02;0.053300;1
821/469/821.jpg;5.142563;2.331059e-01;0.006033;6.493498e+00;7.374797;4.796350e+00;0.008943;1.590560e-02;0.036611;1
821/470/821.jpg;8.299965;3.223285e-02;-0.555136;2.331941e+00;2.031841;1.340223e+00;0.116565;6.980387e-02;0.059536;1
821/471/821.jpg;5.338911;-7.640262e-01;-2.319463;1.649558e+00;1.395391;8.060029e-01;0.053006;3.283129e-02;0.042679;1
822/472/822.jpg;5.088987;1.202676e+01;2.619686;2.845448e+00;2.073228;1.300540e+00;0.600068;5.828393e-01;0.455696;1
822/473/822.jpg;6.081303;-1.081744e+00;-1.966960;2.178158e+00;1.867292;1.086890e+00;0.033282;2.129294e-02;0.037027;1
822/474/822.jpg;6.213729;3.254237e+00;1.483415;9.274035e+00;6.508477;3.705979e+00;0.384131;2.848697e-01;0.186777;1
822/475/822.jpg;8.852734;-9.671232e-01;-0.850220;1.364127e+00;1.000741;7.294797e-01;-0.023734;-6.864142e-03;0.026370;1
823/476/823.jpg;3.802451;5.364994e-01;-0.995374;8.299728e+00;8.443190;5.543424e+00;0.351299;3.642771e-01;0.375154;1
823/477/823.jpg;7.239566;-2.098493e+00;-4.353040;1.069554e+00;1.274231;7.807561e-01;0.137689;1.130984e-01;0.091565;1
823/478/823.jpg;6.909192;5.603895e-01;3.366846;5.441809e+00;4.986578;3.832774e+00;0.040749;4.596289e-02;0.050754;1
823/479/823.jpg;8.423261;-1.714174e+00;-1.912955;1.550333e+00;1.395386;9.982069e-01;-0.011713;3.023205e-03;0.031162;1
824/480/824.jpg;6.264340;-1.358751e+00;-1.652507;1.932944e+00;2.097167;1.155610e+00;0.024090;4.525031e-02;0.059750;1
824/481/824.jpg;3.946416;-8.830689e-01;1.538309;7.388873e+00;7.096010;4.897364e+00;0.046575;5.005007e-02;0.053619;1
824/482/824.jpg;8.760847;-3.025272e-01;0.238579;3.558586e+00;1.468723;1.273046e+00;0.707290;5.958495e-01;0.426166;1
824/483/824.jpg;7.431808;-4.036895e-01;5.151129;4.519861e+00;2.659760;2.060680e+00;0.255872;2.339994e-01;0.169281;1
824/484/824.jpg;8.135206;-1.738583e+00;-2.013827;1.211474e+00;0.947637;6.682370e-01;0.001449;2.491931e-02;0.044279;1
825/485/825.jpg;1.818816;-1.682099e-01;0.414484;8.154733e+00;7.893044;5.738179e+00;0.026433;3.542264e-02;0.047119;1
825/486/825.jpg;4.468134;-1.155033e+00;-3.131713;1.737766e+00;1.452985;7.871841e-01;-0.030318;-9.549204e-03;0.025301;1
825/487/825.jpg;5.872560;1.765900e-01;1.911750;7.978004e+00;7.169988;5.398857e+00;0.233270;1.744339e-01;0.133163;1
825/488/825.jpg;8.027505;-5.405255e-01;-1.424382;1.636905e+00;1.425504;9.823904e-01;0.015250;1.633883e-02;0.035584;1
825/489/825.jpg;3.705499;-8.808159e-01;1.442693;7.750949e+00;8.098708;5.882874e+00;0.062043;3.779018e-02;0.042430;1
826/490/826.jpg;5.126128;-7.146746e-01;1.775995;5.258335e+00;3.265531;2.480927e+00;0.040502;4.827006e-02;0.052590;1
826/491/826.jpg;8.815141;-2.009606e-03;0.015641;2.078336e+00;1.383761;1.153774e+00;0.041617;4.598116e-02;0.050819;1
826/492/826.jpg;5.880318;-3.663662e-01;-0.741091;3.168902e+00;2.422273;1.755724e+00;0.059927;5.000709e-02;0.050867;1
827/493/827.jpg;8.557630;1.387137e-01;-0.391678;1.767285e+00;1.724878;1.246863e+00;0.013289;7.227705e-03;0.030291;1
827/494/827.jpg;4.608857;2.944013e-01;-0.170800;6.147464e+00;6.981153;4.723171e+00;0.028455;2.056294e-02;0.036856;1
828/495/828.jpg;3.921774;-1.600612e-01;-0.386635;9.895282e+00;9.303860;6.814273e+00;0.250930;1.527498e-01;0.097055;1
828/496/828.jpg;5.879775;-1.735787e+00;-3.182000;6.250837e-01;0.431633;4.610554e-01;0.137151;1.371460e-01;0.105010;1
828/497/828.jpg;7.572834;2.750983e-02;-0.089503;3.618839e+00;3.181910;2.396589e+00;-0.014083;-2.595475e-03;0.027344;1
829/498/829.jpg;3.060079;-5.966521e-01;0.534383;4.676260e+00;4.800927;2.830559e+00;0.105443;9.315807e-02;0.074832;1
829/499/829.jpg;7.601397;-8.187618e-01;-1.452466;2.291525e+00;2.306841;1.484677e+00;-0.022335;-1.702356e-03;0.028776;1
829/500/829.jpg;5.883743;-8.915384e-01;3.991132;6.113081e+00;3.653002;2.706964e+00;0.214258;1.898353e-01;0.150995;1
830/501/830.jpg;3.765728;-8.681102e-03;0.476683;6.529192e+00;6.639395;4.155196e+00;0.074061;8.686201e-02;0.107270;1
830/502/830.jpg;6.711792;-8.154604e-01;-2.253597;2.529062e+00;2.218221;1.517085e+00;0.092718;6.595433e-02;0.059060;1
830/503/830.jpg;5.772555;-1.345013e+00;3.107813;3.676904e+00;4.205536;2.363978e+00;0.084945;7.800519e-02;0.068118;1
830/504/830.jpg;7.473766;2.763989e-01;-0.532011;4.049744e+00;3.542479;2.222392e+00;0.097692;5.052692e-02;0.047254;1
831/505/831.jpg;2.575260;4.144612e+00;-0.094721;7.227029e-01;0.701089;4.285326e-01;-0.011836;1.389137e-03;0.030293;1
831/506/831.jpg;8.183791;2.981580e-01;-0.508470;8.292486e-01;0.840134;4.723630e-01;-0.033105;-1.335780e-02;0.024155;1
831/507/831.jpg;3.836466;-1.126452e+00;-1.721382;3.055581e+00;3.477511;1.540960e+00;-0.024499;-6.469388e-03;0.026264;1
832/508/832.jpg;2.218875;4.503560e-01;-1.867293;7.134171e+00;7.121373;5.152070e+00;0.008015;1.216546e-02;0.035057;1
832/509/832.jpg;7.426331;-1.426783e+00;-2.979391;1.445454e+00;0.998420;9.630865e-01;-0.026235;-8.543671e-03;0.025632;1
832/510/832.jpg;5.304179;2.598487e-01;-0.704730;1.073860e+01;9.919380;7.408383e+00;0.239845;1.396915e-01;0.086107;1
832/511/832.jpg;8.768105;-4.538557e-01;-0.701897;4.275925e+00;3.694799;2.896482e+00;0.138380;1.062590e-01;0.084379;1
833/512/833.jpg;2.302633;-3.696577e-01;-1.403742;4.918535e+00;4.795354;3.732817e+00;0.138781;1.602415e-01;0.143069;1
833/513/833.jpg;7.031153;-1.749375e+00;-3.624582;6.851376e-01;0.527364;4.099012e-01;0.065201;3.889711e-02;0.043742;1
833/514/833.jpg;4.934267;-2.785585e-01;-0.282433;1.089406e+01;10.301884;8.162851e+00;0.188432;2.135375e-01;0.187885;1
833/515/833.jpg;7.803310;-4.200401e-01;-1.332592;1.543347e+00;1.491208;1.060684e+00;0.084229;4.066643e-02;0.042052;1
834/516/834.jpg;2.976107;-3.855574e-01;0.106231;8.214161e+00;6.733983;5.031394e+00;0.339986;3.634553e-01;0.292990;1
834/517/834.jpg;5.740880;-3.959192e+00;-4.718380;7.484424e-01;0.708066;4.379345e-01;0.104528;8.050978e-02;0.065271;1
834/518/834.jpg;8.185405;-3.788941e-01;-0.498524;4.543344e+00;4.123514;2.643972e+00;0.110299;9.112653e-02;0.077141;1
834/519/834.jpg;6.947169;-2.143102e+00;-3.142015;1.763988e+00;1.555717;1.140629e+00;0.018698;2.683680e-02;0.041415;1
835/520/835.jpg;5.557492;6.138411e+00;2.437820;3.322629e+00;3.859534;2.248468e+00;0.154557;1.374731e-01;0.111253;1
835/521/835.jpg;6.974125;-4.235521e-01;-0.740525;2.342310e+00;1.790554;1.293730e+00;0.061087;3.481862e-02;0.041686;1
835/522/835.jpg;5.736596;-2.761432e+00;-3.490817;6.135068e-01;0.259629;2.248889e-01;0.162828;1.714327e-01;0.128968;1
835/523/835.jpg;9.073826;-1.884745e-01;-0.170746;2.065033e+00;1.437926;1.009818e+00;0.108670;5.291447e-02;0.048715;1
836/524/836.jpg;3.581702;-7.222703e-01;-0.389285;5.118360e+00;4.453218;2.606745e+00;-0.029671;-1.212176e-02;0.024030;1
836/525/836.jpg;8.514267;2.165213e-01;0.197405;2.042454e+00;1.830930;1.177842e+00;-0.043056;-1.731724e-02;0.022429;1
836/526/836.jpg;4.993691;-2.009196e+00;-2.529666;2.322962e+00;1.794059;9.341842e-01;0.211755;1.261036e-01;0.081584;1
837/527/837.jpg;8.636342;-3.332205e-01;-0.614693;2.695374e+00;2.279110;1.821602e+00;-0.008027;-9.729114e-04;0.028103;1
837/528/837.jpg;7.064724;-1.229298e-01;-1.242377;4.782060e+00;4.660087;3.352156e+00;0.147110;7.044927e-02;0.051034;1
838/529/838.jpg;4.953950;2.350683e-01;-0.379850;1.207583e+01;8.033432;7.063445e+00;0.070554;6.130996e-02;0.057654;1
838/530/838.jpg;8.672088;2.882413e-02;0.093044;3.640165e+00;2.221898;2.037503e+00;0.004095;1.302642e-02;0.034040;1
838/531/838.jpg;5.812020;-1.696243e+00;-3.209842;1.348446e+00;0.997061;6.618204e-01;0.101078;7.911592e-02;0.065612;1
839/532/839.jpg;8.623424;5.655299e-02;-0.454429;1.968268e+00;1.831085;1.199576e+00;-0.044799;-1.896906e-02;0.021828;1
839/533/839.jpg;4.705633;-1.049730e+00;-4.793411;4.904137e+00;4.465950;2.960748e+00;0.272454;2.272084e-01;0.196584;1
840/534/840.jpg;1.780286;6.068837e-01;-0.369887;5.937586e+00;5.903438;4.195041e+00;0.104153;6.774691e-02;0.057280;1
840/535/840.jpg;7.125920;-1.895192e-01;-1.315237;6.087185e+00;4.775287;3.985065e+00;0.128398;6.597938e-02;0.052477;1
840/536/840.jpg;5.084382;-2.638804e-01;-1.287767;1.027324e+01;8.369109;6.453801e+00;0.147503;8.690911e-02;0.062812;1
840/537/840.jpg;8.563664;-1.165989e+00;-1.266645;1.965970e+00;1.671527;1.372551e+00;0.030424;2.398625e-02;0.039329;1
841/538/841.jpg;4.201822;1.237266e-01;-0.375891;8.589873e+00;7.999617;5.923409e+00;0.145463;1.056813e-01;0.081439;1
841/539/841.jpg;8.671159;-2.395499e-01;-0.189292;6.838012e+00;5.788354;4.434886e+00;0.035125;2.061942e-02;0.035162;1
841/540/841.jpg;6.243915;-2.147986e+00;-3.251761;1.543319e+00;1.283015;1.061769e+00;0.016334;3.545398e-02;0.048337;1
842/541/842.jpg;5.076041;5.183951e-01;0.636951;4.569407e+00;4.637630;2.851372e+00;0.131475;7.508417e-02;0.058280;1
842/542/842.jpg;7.571481;-3.449399e-01;-2.229578;1.508401e+00;1.478629;8.893373e-01;-0.038639;-1.388850e-02;0.023804;1
842/543/842.jpg;3.999840;-8.139305e-01;-2.286456;1.830860e+00;1.682436;8.375153e-01;-0.038531;-1.196541e-02;0.024783;1
843/544/843.jpg;8.701906;-3.272711e-01;-0.898851;1.482562e+00;1.433482;8.841742e-01;-0.019075;2.129909e-03;0.030691;1
843/545/843.jpg;4.519980;5.143229e-01;-0.622931;2.970723e+00;3.264367;1.964375e+00;0.016525;2.192786e-02;0.038037;1
844/546/844.jpg;5.350972;-1.966445e-01;0.380950;7.188121e+00;8.319314;4.808281e+00;0.014650;1.693999e-02;0.038533;1
844/547/844.jpg;4.876999;-3.218148e+00;-4.584661;7.830099e-01;0.724460;4.568773e-01;0.036117;2.552476e-02;0.039182;1
844/548/844.jpg;8.111928;-8.390115e-01;-0.257312;5.261880e+00;5.841056;3.345068e+00;0.097067;6.569490e-02;0.059063;1
845/549/845.jpg;4.212327;1.977878e+00;1.745488;9.752362e+00;10.991040;6.940289e+00;0.198581;1.807115e-01;0.148818;1
845/550/845.jpg;2.989147;-1.069063e+00;-3.093518;5.065245e+00;4.930252;3.293295e+00;0.244384;1.585041e-01;0.103432;1
845/551/845.jpg;6.155082;5.355639e-01;4.050508;5.538801e+00;5.615308;3.731828e+00;0.054357;4.287906e-02;0.046887;1
845/552/845.jpg;7.531761;-6.304321e-01;-1.913492;1.966180e+00;1.794332;1.274732e+00;-0.031252;-7.842068e-03;0.026296;1
845/553/845.jpg;5.633283;4.908981e-02;1.382208;5.691487e+00;5.578911;3.847829e+00;0.054942;3.150388e-02;0.039579;1
845/554/845.jpg;4.248066;-4.491036e-01;-0.563338;7.150856e+00;7.303768;4.628950e+00;0.231836;1.405525e-01;0.088294;1
846/555/846.jpg;4.016220;-9.905536e-01;-2.590839;1.210239e+01;7.924239;7.394874e+00;0.148906;1.679496e-01;0.131603;1
846/556/846.jpg;7.213255;-2.354365e+00;-4.145164;6.090193e-01;0.422564;3.971461e-01;0.106897;8.790673e-02;0.069822;1
846/557/846.jpg;7.344221;-1.215352e+00;-1.526001;1.403342e+00;1.185364;8.377161e-01;-0.025477;-1.155294e-03;0.029384;1
847/558/847.jpg;4.802274;-3.263520e+00;-4.065815;7.349572e-01;0.411988;2.754082e-01;0.068310;7.987546e-02;0.073486;1
847/559/847.jpg;8.393955;5.186076e-02;0.182659;3.356753e+00;3.362211;2.288884e+00;-0.043633;-2.032103e-02;0.021096;1
847/560/847.jpg;6.296118;-1.104344e+00;-1.745117;1.857074e+00;1.380658;1.026393e+00;0.134096;1.381094e-01;0.124628;1
848/561/848.jpg;4.033281;6.592794e-01;-2.131561;5.184209e+00;5.672739;3.437412e+00;-0.023775;-7.930760e-03;0.025665;1
848/562/848.jpg;5.746797;-5.073284e-01;-4.990259;4.475417e+00;4.070224;2.805966e+00;-0.028966;-7.774282e-03;0.026045;1
848/563/848.jpg;8.403733;-1.629899e-01;-1.184873;5.483322e+00;5.471423;3.365688e+00;0.437112;3.089268e-01;0.184829;1
848/564/848.jpg;4.762720;-1.871737e+00;-6.902395;1.485961e+00;1.454280;9.691136e-01;0.054306;3.265980e-02;0.040159;1
849/565/849.jpg;4.233027;4.335684e-01;-2.194592;9.238739e+00;7.072650;4.589168e+00;0.364483;2.767854e-01;0.174968;1
849/566/849.jpg;8.541138;-6.423926e-01;-0.562058;4.350209e+00;3.016497;2.089719e+00;0.002753;3.094108e-03;0.028961;1
849/567/849.jpg;5.957364;-1.237675e+00;-3.459927;3.767063e+00;3.454541;1.929700e+00;0.259605;1.917941e-01;0.133792;1
850/568/850.jpg;8.453094;-2.571232e-01;-0.982099;7.292861e-01;0.546681;3.743559e-01;0.053318;2.521617e-02;0.035571;1
850/569/850.jpg;5.478319;-1.285449e+00;-0.667933;2.529547e+00;2.167315;1.397011e+00;-0.021917;-1.258978e-02;0.023070;1
851/570/851.jpg;3.283134;8.378906e-02;-0.558060;8.109202e+00;6.714643;5.465312e+00;0.237023;1.700536e-01;0.112048;1
851/571/851.jpg;6.488339;6.269735e-01;1.121136;6.134055e+00;4.858499;3.693513e+00;0.121326;7.949716e-02;0.064118;1
851/572/851.jpg;5.438644;3.010547e-02;-0.448199;7.711258e+00;6.634875;4.978208e+00;0.158300;9.134368e-02;0.065210;1
851/573/851.jpg;9.144489;-6.645785e-01;-0.530026;1.071699e+00;0.719059;6.377239e-01;0.025949;3.707385e-02;0.047341;1
852/574/852.jpg;3.584402;-7.895501e-02;-0.000481;1.631272e+00;1.350313;6.861619e-01;0.070852;7.927804e-02;0.075072;1
852/575/852.jpg;8.541386;-3.369095e-01;-1.632414;1.002547e+00;0.685858;5.688736e-01;-0.020240;-8.647708e-04;0.029142;1
852/576/852.jpg;5.258451;-4.303973e-01;-3.080165;4.804317e+00;3.496077;2.621789e+00;0.225171;1.588255e-01;0.105449;1
853/577/853.jpg;3.772612;-7.300852e-01;-0.076757;3.225691e+00;3.095159;2.180083e+00;0.058402;3.812760e-02;0.042714;1
853/578/853.jpg;7.001256;-7.089486e-01;-0.231333;3.002989e+00;3.002265;2.022218e+00;0.001119;8.047591e-03;0.031824;1
854/579/854.jpg;4.371252;4.112102e-01;-0.699262;6.107115e+00;6.579868;4.085295e+00;0.129859;1.208249e-01;0.103762;1
854/580/854.jpg;4.893777;-2.433442e+00;-3.910368;2.735695e+00;2.341130;1.514175e+00;0.030768;1.907562e-02;0.035700;1
854/581/854.jpg;7.949936;-3.495867e-02;-0.296403;5.920212e+00;5.462432;3.527646e+00;0.079168;4.590005e-02;0.045606;1
855/582/855.jpg;2.951203;-2.796636e-01;-1.034992;7.633436e+00;7.743589;4.670854e+00;0.167493;1.037211e-01;0.075434;1
855/583/855.jpg;8.515443;1.010079e-01;-0.156207;5.259916e+00;4.103775;3.105431e+00;0.120749;5.821880e-02;0.047364;1
855/584/855.jpg;6.528963;5.454502e-02;-0.699722;4.558369e+00;4.206594;2.504526e+00;0.124696;6.435373e-02;0.050530;1
856/585/856.jpg;3.488717;1.485652e+00;-0.135840;3.304933e+00;3.312311;2.277770e+00;0.235738;1.363743e-01;0.083694;1
856/586/856.jpg;3.839726;-5.889137e-02;-4.258241;1.200486e+00;0.925696;5.208908e-01;0.029582;3.471499e-02;0.045036;1
856/587/856.jpg;5.338755;2.024061e+00;3.074409;7.717059e+00;7.839615;5.300581e+00;0.009000;3.645705e-03;0.028593;1
856/588/856.jpg;6.849541;-1.504801e+00;-3.652075;1.169362e+00;0.950656;6.813533e-01;0.105261;6.564284e-02;0.056557;1
856/589/856.jpg;7.177107;3.902654e-01;0.091521;7.334860e+00;6.920730;4.551684e+00;0.353686;2.019428e-01;0.109224;1
857/590/857.jpg;8.078508;-5.851399e-01;-1.444550;2.221293e+00;2.126312;1.521725e+00;-0.013916;3.057588e-03;0.030543;1
857/591/857.jpg;3.305688;-6.710723e-01;-2.177402;7.778392e+00;6.849421;5.395493e+00;0.032120;3.274008e-02;0.042907;1
858/592/858.jpg;8.305781;-9.465716e-01;-0.825345;3.199392e+00;1.540226;1.332796e+00;0.050901;2.293770e-02;0.036113;1
858/593/858.jpg;5.832935;-9.762162e-01;-1.232770;6.172147e+00;4.457545;3.350434e+00;0.000168;2.936433e-03;0.030228;1
859/594/859.jpg;4.888909;-1.522905e-01;0.388269;4.489141e+00;5.258343;2.884081e+00;0.258160;2.134659e-01;0.149511;1
859/595/859.jpg;7.613417;-2.637947e+00;-2.892454;1.394844e+00;1.332083;8.688222e-01;0.159460;1.020526e-01;0.078094;1
859/596/859.jpg;6.006073;-1.066028e+00;-1.635773;6.851397e+00;5.409655;3.588689e+00;0.186057;1.162081e-01;0.079785;1
859/597/859.jpg;8.494692;-7.851507e-01;-1.117711;4.634196e+00;3.247833;2.421414e+00;0.126261;6.984549e-02;0.053995;1
859/598/859.jpg;4.474595;6.925225e+00;0.195189;5.092602e+00;5.371130;3.304880e+00;0.493482;5.472214e-01;0.489958;1
860/599/860.jpg;3.933411;-4.201823e-01;1.221962;6.279468e+00;5.990191;3.990775e+00;0.100698;1.035844e-01;0.093045;1
860/600/860.jpg;7.555460;-8.951034e-01;-2.029939;1.846612e+00;1.128757;8.813864e-01;0.129238;8.826323e-02;0.070720;1
860/601/860.jpg;6.487210;1.118646e-01;0.671214;6.194606e+00;4.580314;3.140694e+00;0.114575;7.735169e-02;0.060999;1
860/602/860.jpg;8.393401;4.578787e-02;0.024583;2.826170e+00;2.188205;1.555110e+00;0.280902;1.655784e-01;0.099032;1
861/603/861.jpg;3.908422;4.757846e-01;-0.046336;2.745772e+00;3.045476;1.630705e+00;0.023731;1.886137e-02;0.037189;1
861/604/861.jpg;6.815603;-1.881608e+00;-3.678058;8.121859e-01;0.608363;5.090355e-01;0.049640;3.652253e-02;0.046274;1
861/605/861.jpg;7.811785;8.176541e-01;1.367479;4.843567e+00;5.350725;3.598969e+00;-0.036211;-1.303246e-02;0.023918;1
862/606/862.jpg;5.202620;-1.090738e+00;-3.045586;2.282557e+00;0.970766;7.660262e-01;0.039951;6.007474e-02;0.062840;1
862/607/862.jpg;4.986166;-4.799257e-02;0.880348;7.176823e+00;4.961755;3.650830e+00;0.202066;1.685016e-01;0.121704;1
862/608/862.jpg;8.239754;-6.152179e-01;-1.059904;1.392080e+00;0.782223;6.349559e-01;0.017503;2.998892e-02;0.043541;1
862/609/862.jpg;6.968761;-1.005184e-01;2.852752;5.026112e+00;3.961284;2.908826e+00;0.069488;4.200080e-02;0.045115;1
863/610/863.jpg;4.882097;1.223138e-02;0.175054;4.621511e+00;3.644461;2.915339e+00;-0.015956;-1.023376e-02;0.023629;1
863/611/863.jpg;7.583125;-6.482738e-01;-1.735658;2.083558e+00;1.394061;1.192055e+00;-0.009818;7.370399e-04;0.029252;1
864/612/864.jpg;4.012811;-1.760297e-01;0.872318;8.284513e+00;7.895935;5.015643e+00;0.115084;6.552628e-02;0.051837;1
864/613/864.jpg;7.521828;-1.473971e+00;-2.556668;1.402868e+00;1.275759;7.961081e-01;-0.001462;4.683103e-03;0.030137;1
864/614/864.jpg;6.306348;-3.324276e-01;2.786058;5.456044e+00;5.466779;3.664059e+00;0.225081;1.279427e-01;0.082426;1
864/615/864.jpg;8.114783;5.027038e-02;0.779064;4.926608e+00;3.441176;2.616670e+00;0.094667;5.001264e-02;0.045754;1
865/616/865.jpg;8.769040;-5.226823e-02;-0.053522;5.382263e-01;0.306083;2.136364e-01;-0.014762;8.997465e-06;0.028863;1
865/617/865.jpg;6.094653;-2.359843e-01;1.039764;2.073667e+00;1.552132;9.731145e-01;-0.049053;-2.241355e-02;0.020518;1
866/618/866.jpg;5.478935;6.709316e-01;0.170143;8.743558e+00;6.810982;5.401781e+00;0.074585;8.770386e-02;0.077644;1
866/619/866.jpg;7.479061;5.390646e-01;2.740785;3.094528e+00;2.305182;1.779767e+00;0.091324;9.623212e-02;0.080465;1
866/620/866.jpg;6.886626;-1.137891e+00;-4.125959;2.470553e+00;1.560452;1.334625e+00;0.175480;1.870985e-01;0.140294;1
866/621/866.jpg;9.261370;-1.105162e-01;-0.228538;7.241278e-01;0.456253;3.754786e-01;0.014782;2.898929e-02;0.042913;1
867/622/867.jpg;9.023064;-2.146343e-02;0.109417;3.441651e-01;0.281342;2.372471e-01;0.049527;3.683649e-02;0.043575;1
867/623/867.jpg;6.671885;4.142668e-02;0.720864;1.812515e+00;1.537482;1.015711e+00;-0.026776;-5.405801e-03;0.027432;1
868/624/868.jpg;7.832552;1.579122e-04;-0.665068;1.691061e+00;1.030708;7.715729e-01;-0.017956;-1.820627e-03;0.028303;1
868/625/868.jpg;3.754239;5.812185e-02;0.609063;3.140673e+00;2.316811;1.412292e+00;0.062383;4.710016e-02;0.048998;1
869/626/869.jpg;8.700283;-3.967212e-02;-0.347205;3.208967e+00;2.618579;1.924577e+00;0.091485;6.469031e-02;0.056904;1
869/627/869.jpg;5.172407;4.386085e-01;-0.742679;6.386982e+00;5.396146;4.528833e+00;-0.009765;-4.452178e-04;0.028290;1
870/628/870.jpg;6.918771;6.244801e-01;-0.022879;5.203311e+00;6.666588;4.305408e+00;0.323668;2.142533e-01;0.131477;1
870/629/870.jpg;4.550421;-4.426708e-01;-3.470426;2.315265e+00;2.870824;1.640136e+00;0.009779;1.382464e-02;0.034309;1
870/630/870.jpg;7.035085;-3.500548e-01;-2.596235;3.357385e+00;3.329746;2.251497e+00;0.063746;5.411659e-02;0.052597;1
871/631/871.jpg;5.239550;1.807541e-01;0.113704;6.222187e+00;6.485214;4.683578e+00;0.301075;1.649102e-01;0.097260;1
871/632/871.jpg;6.671265;-2.514246e+00;-4.630540;5.389912e-01;0.560324;3.445718e-01;-0.023871;-7.807577e-03;0.025602;1
871/633/871.jpg;8.055320;2.879998e-01;-0.317648;2.225451e+00;3.202539;1.840446e+00;0.001326;1.642609e-02;0.037687;1
872/634/872.jpg;5.996618;-3.457529e+00;-3.856359;5.329640e-01;0.439089;4.419160e-01;0.164247;1.268772e-01;0.089312;1
872/635/872.jpg;8.782766;3.278724e-01;-0.107490;4.509889e+00;4.368375;2.819701e+00;0.001077;9.565290e-03;0.032327;1
872/636/872.jpg;6.244788;7.181287e-01;0.458082;4.771302e+00;5.030482;3.330731e+00;0.076894;2.704807e-02;0.034474;1
873/637/873.jpg;3.339340;-1.901845e-01;-0.425047;4.293612e+00;3.734232;2.866763e+00;-0.002268;2.818624e-02;0.061328;1
873/638/873.jpg;6.551112;-1.531210e+00;-3.788860;8.301665e-01;0.562725;4.485803e-01;0.129732;1.236836e-01;0.097773;1
873/639/873.jpg;6.395869;4.615756e-01;0.909412;7.979498e+00;7.065552;5.718586e+00;0.062362;4.639132e-02;0.049400;1
873/640/873.jpg;8.472312;-4.878186e-01;-0.882316;2.152025e+00;1.785957;1.377969e+00;0.003836;1.228683e-02;0.034199;1
874/641/874.jpg;4.456080;-8.172588e-01;0.465052;5.435807e+00;4.793819;3.284077e+00;-0.027904;-1.014689e-02;0.024567;1
874/642/874.jpg;7.471507;-4.837827e-01;2.774134;3.001766e+00;2.507965;1.842962e+00;0.006947;7.107678e-03;0.031630;1
874/643/874.jpg;8.730186;-4.633656e-01;-0.497551;1.377837e+00;0.900587;6.727050e-01;0.068572;7.337689e-02;0.066205;1
875/644/875.jpg;6.020039;-9.304225e-01;-1.426340;4.176336e+00;3.366483;2.348073e+00;0.011366;1.447656e-02;0.034605;1
875/645/875.jpg;7.075489;-1.910943e+00;-4.584550;1.124988e+00;0.913075;8.404514e-01;0.063398;6.638245e-02;0.061820;1
875/646/875.jpg;7.424287;8.947513e-03;-0.302702;8.413458e+00;6.797222;4.317929e+00;0.178493;1.317982e-01;0.094412;1
876/647/876.jpg;4.011620;-2.133501e-02;-2.069366;5.596259e+00;10.868051;3.759976e+00;0.102364;9.683792e-02;0.079154;1
876/648/876.jpg;7.079140;-1.235483e+00;-2.739215;9.244092e-01;0.870497;4.686834e-01;-0.014431;1.859387e-03;0.029999;1
876/649/876.jpg;7.442336;2.153735e-02;-0.489036;7.245980e+00;8.387854;4.272262e+00;0.323888;2.043941e-01;0.123641;1
877/650/877.jpg;8.284689;-1.456329e-01;-0.776296;2.564826e+00;1.796489;1.282914e+00;0.047747;2.811236e-02;0.038567;1
877/651/877.jpg;5.322402;2.451389e-01;0.137945;8.451103e+00;7.297461;5.468503e+00;0.001047;-3.951591e-04;0.026833;1
878/652/878.jpg;7.835643;-7.360521e-01;-1.082991;4.036475e+00;2.795264;2.112149e+00;-0.006871;2.130103e-03;0.029397;1
878/653/878.jpg;6.599474;-2.281516e+00;-3.530539;1.411134e+00;0.764582;5.930098e-01;0.060565;5.104912e-02;0.050974;1
879/654/879.jpg;6.473821;1.157565e+00;1.320285;9.751276e+00;8.574265;5.020706e+00;0.265181;1.996320e-01;0.144803;1
879/655/879.jpg;5.563132;-2.099017e+00;-3.998166;4.426475e+00;3.865424;2.639875e+00;-0.019403;-2.760854e-03;0.028240;1
879/656/879.jpg;8.977330;1.619290e-01;0.078331;3.993117e+00;3.118117;2.180090e+00;0.072748;4.086520e-02;0.043669;1
879/657/879.jpg;7.304336;-1.438053e+00;-2.979708;2.164125e+00;1.831177;1.270423e+00;0.104942;6.423566e-02;0.055600;1
880/658/880.jpg;3.535168;1.746219e+00;-0.330662;3.862462e+00;3.907950;2.282412e+00;0.050327;3.105215e-02;0.040008;1
880/659/880.jpg;7.056139;-1.619977e+00;-3.011349;1.686094e+00;0.805455;7.054650e-01;0.044684;2.692621e-02;0.038030;1
880/660/880.jpg;4.359602;-7.736309e-01;0.538063;5.411984e+00;4.600582;3.209451e+00;0.149978;1.421928e-01;0.119692;1
880/661/880.jpg;7.676286;-5.879999e-01;-1.203596;1.042003e+01;6.353967;4.987145e+00;0.040309;4.690732e-02;0.052398;1
881/662/881.jpg;5.548914;-7.389091e-02;0.216605;6.497319e+00;8.085248;5.160296e+00;0.097965;7.606147e-02;0.064874;1
881/663/881.jpg;5.261064;-1.933070e+00;-4.317318;1.258165e+00;1.229371;7.669506e-01;0.215631;1.636538e-01;0.109725;1
881/664/881.jpg;7.963076;-2.943781e-01;-1.030108;2.188648e+00;2.035775;1.395913e+00;0.044971;1.754208e-02;0.032823;1
882/665/882.jpg;6.380152;-2.686508e-02;2.347262;5.969632e+00;6.285521;4.138402e+00;0.213455;1.982551e-01;0.148416;1
882/666/882.jpg;6.120211;-6.664288e-02;-0.846406;4.567135e+00;4.854802;3.157825e+00;0.124210;1.038358e-01;0.078706;1
882/667/882.jpg;7.285866;8.195534e-01;4.622168;6.571533e+00;6.427192;4.236316e+00;0.185578;1.799943e-01;0.136130;1
882/668/882.jpg;7.448639;-4.950014e-01;-2.318607;2.228872e+00;2.024770;1.110868e+00;-0.011206;1.017023e-02;0.034704;1
883/669/883.jpg;3.443816;-1.533778e-01;-2.022670;9.403535e+00;8.490500;6.784714e+00;-0.020055;9.143509e-04;0.033890;1
883/670/883.jpg;6.358861;6.812849e-01;1.517749;5.493489e+00;4.493289;3.634151e+00;-0.012280;-4.976954e-03;0.025871;1
883/671/883.jpg;5.887164;-1.899597e+00;-4.200303;2.596132e+00;2.369434;1.448925e+00;0.043502;5.753765e-02;0.059273;1
883/672/883.jpg;7.487180;-3.478534e-01;-0.286299;4.258473e+00;2.821093;2.011850e+00;0.203254;1.265138e-01;0.085361;1
884/673/884.jpg;8.123854;-4.892952e-01;-1.378004;6.452758e-01;0.494810;3.292291e-01;-0.032795;-1.415160e-02;0.023090;1
884/674/884.jpg;4.607190;-1.125683e-01;-1.624222;2.239594e+00;1.627700;1.015783e+00;0.003769;4.996812e-04;0.027120;1
885/675/885.jpg;4.000965;-2.455941e-01;-0.328561;1.533783e+01;15.086743;1.049188e+01;0.067158;4.013543e-02;0.045400;1
885/676/885.jpg;5.586414;-2.432257e+00;-5.484631;1.240257e+00;1.334632;5.848041e-01;0.141488;1.523615e-01;0.157203;1
885/677/885.jpg;6.411079;-5.790889e-02;0.039996;1.407710e+01;14.464942;9.566373e+00;0.125677;7.326787e-02;0.056810;1
885/678/885.jpg;8.738363;-2.630878e-02;-0.147890;4.763923e+00;4.414879;3.164401e+00;0.011182;9.472347e-03;0.031918;1
886/679/886.jpg;5.224433;1.077734e+00;-0.167302;5.135031e+00;4.810049;3.052290e+00;0.199003;1.210060e-01;0.078741;1
886/680/886.jpg;6.356062;3.993462e+00;2.582210;4.585302e+00;4.940622;3.140351e+00;-0.020339;-6.119205e-03;0.026117;1
886/681/886.jpg;8.049475;-7.326372e-01;-2.277979;5.275707e-01;0.462999;3.344381e-01;-0.023663;-9.971532e-03;0.024605;1
887/682/887.jpg;3.689321;2.028682e-01;0.170197;6.838885e+00;6.929294;4.143305e+00;0.014089;1.923267e-02;0.041404;1
887/683/887.jpg;8.260575;-1.524429e-01;-0.380564;3.635532e+00;2.784384;2.233642e+00;-0.003815;1.594152e-02;0.037374;1
887/684/887.jpg;6.718346;1.044784e+00;2.088820;6.173583e+00;6.139464;3.932118e+00;-0.019519;-6.582993e-03;0.026382;1
888/685/888.jpg;7.571875;-2.209848e-01;-1.847765;3.567253e-01;0.206280;1.796845e-01;0.011020;2.792508e-02;0.042827;1
888/686/888.jpg;6.217228;2.396290e+00;1.489382;1.914363e+00;2.301197;1.210199e+00;-0.044368;-2.041881e-02;0.021102;1
889/687/889.jpg;2.512888;-4.020228e-01;-1.412403;8.732185e+00;7.442922;5.294655e+00;0.045639;2.654996e-02;0.037833;1
889/688/889.jpg;7.233887;-1.372771e+00;-2.152138;1.839207e+00;0.874564;7.209622e-01;0.035481;3.375465e-02;0.043572;1
889/689/889.jpg;7.092346;7.466317e-02;0.720677;5.928962e+00;5.413316;4.078470e+00;0.001985;1.200223e-02;0.033940;1
890/690/890.jpg;3.893338;-5.632368e-01;-0.668805;2.679680e+00;2.842933;1.389098e+00;0.128025;8.048077e-02;0.061957;1
890/691/890.jpg;8.649311;-7.221792e-02;-0.376008;3.168735e+00;1.791450;1.479245e+00;0.113595;5.678919e-02;0.047899;1
890/692/890.jpg;6.284793;-2.590223e-01;-0.817328;5.679129e+00;2.880025;2.251204e+00;0.136334;7.666788e-02;0.059872;1
891/693/891.jpg;4.005001;-1.867706e-01;-0.113334;7.057112e+00;8.177836;4.491389e+00;0.188771;1.584807e-01;0.117824;1
891/694/891.jpg;7.406150;-3.951001e-01;-1.646024;3.346223e+00;3.205508;1.982445e+00;0.051681;1.776538e-02;0.032407;1
891/695/891.jpg;5.634881;8.657125e-01;2.320480;5.492757e+00;4.871127;3.287965e+00;0.276320;1.645338e-01;0.100993;1
892/696/892.jpg;3.479309;7.091282e-02;-0.203535;4.346456e+00;5.079134;3.695523e+00;0.150729;1.049581e-01;0.076894;1
892/697/892.jpg;5.540306;-1.019262e+00;-2.415704;1.697730e+00;0.877058;6.549417e-01;0.021741;2.634089e-02;0.041954;1
892/698/892.jpg;5.820941;5.954813e-01;1.092590;6.134647e+00;7.705994;4.820171e+00;0.039483;3.224627e-02;0.043228;1
893/699/893.jpg;1.849589;2.392976e+00;-1.023177;3.601537e+00;3.321144;2.811176e+00;0.313022;2.478741e-01;0.176709;1
893/700/893.jpg;5.369231;-3.161058e-02;0.570947;9.166306e+00;10.070449;6.785482e+00;0.307277;2.198641e-01;0.141299;1
893/701/893.jpg;3.896591;-1.605910e+00;-3.717678;5.412133e+00;5.398639;3.687776e+00;0.254898;2.402944e-01;0.179785;1
893/702/893.jpg;7.424068;-1.631059e+00;-2.115948;2.182675e+00;1.624231;1.210145e+00;0.229095;1.511853e-01;0.098374;1
893/703/893.jpg;3.009397;9.816132e-01;0.069817;1.138493e+01;10.824909;8.383960e+00;0.121137;8.435762e-02;0.071733;1
893/704/893.jpg;7.682053;1.061393e-01;0.456790;5.813006e+00;5.901027;4.121553e+00;0.049610;3.094299e-02;0.040858;1
894/705/894.jpg;5.558989;-3.241379e+00;-4.241845;1.374525e+00;0.877469;6.221393e-01;0.168742;9.606849e-02;0.065850;1
894/706/894.jpg;3.710883;-1.488481e+00;-0.541987;7.742723e+00;7.116796;5.002874e+00;0.314238;3.091440e-01;0.270500;1
894/707/894.jpg;3.089443;-1.360791e+00;-5.782455;8.432733e-01;0.672525;4.673080e-01;0.260688;3.764007e-01;0.489302;1
894/708/894.jpg;7.006783;-8.028282e-01;1.863085;6.541266e+00;5.014122;3.672905e+00;0.148318;1.450243e-01;0.123638;1
894/709/894.jpg;7.491285;-2.096238e+00;-2.920765;1.484703e+00;0.910352;7.356130e-01;0.030531;2.989391e-02;0.042602;1
894/710/894.jpg;6.132319;-1.516017e+00;-0.257139;7.261349e+00;5.474277;4.041863e+00;0.428933;3.729713e-01;0.255514;1
895/711/895.jpg;4.351098;5.766540e-01;0.248658;4.793568e+00;4.453549;3.315474e+00;0.014348;3.718894e-02;0.068435;1
895/712/895.jpg;5.752527;-1.885109e+00;-2.948231;3.614249e+00;3.120853;2.075383e+00;0.304995;2.267728e-01;0.151413;1
895/713/895.jpg;7.393523;4.123948e-02;1.170427;5.085492e+00;4.325300;3.011255e+00;0.017726;2.008290e-02;0.038375;1
895/714/895.jpg;7.752928;-9.806460e-01;-1.383403;2.583515e+00;1.876340;1.241655e+00;0.048375;4.068211e-02;0.047046;1
896/715/896.jpg;3.430076;1.689423e+00;0.474121;6.283937e+00;6.799132;4.729713e+00;0.229160;1.693547e-01;0.127289;1
896/716/896.jpg;5.982138;1.493264e+00;2.731841;8.137275e+00;8.163157;5.604788e+00;0.105974;6.536736e-02;0.055698;1
896/717/896.jpg;7.370834;-7.647815e-01;-2.469125;1.980194e+00;1.885083;1.262122e+00;0.135359;1.451942e-01;0.114303;1
896/718/896.jpg;7.994068;5.002678e-01;0.116466;4.595763e+00;6.340462;3.349585e+00;0.100100;4.855145e-02;0.045106;1
896/719/896.jpg;3.757971;-7.707675e-01;-4.754388;5.338955e+00;6.131520;3.419237e+00;0.268487;2.487922e-01;0.232371;1
897/720/897.jpg;7.770480;5.291342e-01;0.248707;4.209877e+00;4.224258;2.556282e+00;0.027557;2.923378e-02;0.044384;1
897/721/897.jpg;6.899479;-1.896782e-01;-1.561287;5.938016e-01;0.446356;3.105854e-01;0.038384;1.503692e-02;0.032320;1
898/722/898.jpg;4.946157;2.226908e-01;1.262155;7.216931e+00;6.244130;4.833175e+00;0.090080;4.136269e-02;0.041531;1
898/723/898.jpg;6.897191;-3.974417e+00;-3.269512;1.756418e+00;1.516545;1.178308e+00;0.138897;7.843979e-02;0.058016;1
898/724/898.jpg;6.158709;-1.323421e-01;-0.262033;5.778076e+00;4.625161;3.618706e+00;0.124269;5.792316e-02;0.046772;1
898/725/898.jpg;8.395043;1.010406e-01;-0.867845;2.134003e+00;1.729308;1.323843e+00;0.117936;1.024873e-01;0.098498;1
899/726/899.jpg;8.066566;-8.958835e-01;-1.324427;1.939412e+00;1.230424;8.918398e-01;-0.047256;-2.134248e-02;0.020891;1
899/727/899.jpg;5.967363;-2.125336e-01;0.850782;6.845303e+00;5.717994;4.097566e+00;-0.011083;4.272229e-04;0.028731;1
911/728/911.jpg;4.530184;1.144763e+00;1.294763;7.416896e+00;7.633707;5.172694e+00;0.246738;1.739123e-01;0.114721;0
911/729/911.jpg;5.148677;3.851408e+00;2.119988;7.237024e+00;7.186096;5.069265e+00;0.114186;5.766781e-02;0.048325;0
911/730/911.jpg;4.165363;-1.545018e-02;-2.996088;9.193602e+00;6.540657;4.289693e+00;0.673623;6.018090e-01;0.436202;0
911/731/911.jpg;7.769981;3.328305e-01;1.080491;9.063462e+00;7.264914;4.714611e+00;0.635804;5.123972e-01;0.330564;0
911/732/911.jpg;5.662180;-2.470875e+00;3.731861;7.262459e+00;7.169508;5.072830e+00;0.111771;4.817442e-02;0.042624;0
911/733/911.jpg;7.622961;2.354793e+00;4.464486;4.254039e+00;4.225082;2.549362e+00;0.545330;4.115550e-01;0.257382;0
911/734/911.jpg;6.537926;-5.010026e+00;-0.801241;2.302578e+00;1.801668;9.651192e-01;0.171100;1.392114e-01;0.131748;0
911/735/911.jpg;9.035708;-5.114890e-02;-0.083626;2.947166e+00;2.648484;1.869531e+00;0.330107;1.877539e-01;0.106311;0
912/736/912.jpg;3.228229;-9.837362e-01;0.949378;4.363602e+00;7.537177;2.746183e+00;0.159009;1.891991e-01;0.181766;0
912/737/912.jpg;6.348971;5.395415e+00;-0.609731;3.190896e+00;3.480577;2.065806e+00;0.099615;1.210883e-01;0.143386;0
912/738/912.jpg;7.376632;3.716628e+00;-0.483194;1.397722e+00;1.203539;6.873071e-01;0.091416;8.896647e-02;0.092336;0
912/739/912.jpg;7.356406;2.279524e+00;3.613961;3.306506e+00;3.414901;1.759957e+00;0.265214;1.806247e-01;0.112351;0
912/740/912.jpg;5.221672;-8.238268e-01;4.018665;7.633868e+00;7.139257;4.711425e+00;0.074163;6.732765e-02;0.069015;0
912/741/912.jpg;5.135008;7.244080e+00;2.836603;3.974008e+00;4.590331;2.090378e+00;0.351967;2.510219e-01;0.159817;0
912/742/912.jpg;8.664525;1.038208e+00;0.666268;8.744593e-01;1.107094;3.657183e-01;0.002541;4.030049e-03;0.029595;0
912/743/912.jpg;6.801343;5.166660e+00;4.714833;2.863641e+00;2.875092;1.570933e+00;0.008082;1.476102e-02;0.035502;0
912/744/912.jpg;6.304450;4.810046e-01;-0.812222;4.841228e+00;6.647035;2.086257e+00;0.199219;2.170938e-01;0.228816;0
913/745/913.jpg;5.278120;1.323088e-02;2.257918;1.020793e+01;10.874763;6.613507e+00;0.250239;1.742809e-01;0.114849;0
913/746/913.jpg;7.436018;2.430882e+00;3.417961;6.485525e+00;6.189220;3.660975e+00;0.226497;1.981263e-01;0.166158;0
913/747/913.jpg;5.152069;5.839441e+00;2.531325;8.448234e+00;9.773012;6.252918e+00;-0.031604;-1.175456e-02;0.024232;0
913/748/913.jpg;8.926146;3.522331e-01;0.359767;1.805611e+00;1.902033;1.270532e+00;0.004465;2.182224e-03;0.028541;0
914/749/914.jpg;2.614478;-3.049460e-01;1.276709;5.255361e+00;6.515206;4.218586e+00;1.047909;1.441019e+00;1.851637;0
914/750/914.jpg;7.081305;2.342432e+00;2.381474;6.121053e+00;6.567038;5.004745e+00;0.227069;1.425363e-01;0.091060;0
914/751/914.jpg;6.118621;3.673141e+00;3.410889;4.662254e+00;4.379453;3.132992e+00;0.142240;8.713472e-02;0.063566;0
914/752/914.jpg;8.252231;2.455623e+00;4.527766;3.432491e+00;3.325666;2.137257e+00;0.316626;1.721698e-01;0.094056;0
914/753/914.jpg;4.392045;4.634946e+00;2.388251;6.689720e+00;5.857920;3.714401e+00;0.402776;2.985822e-01;0.194379;0
914/754/914.jpg;8.335063;1.541348e+00;1.010940;3.081276e+00;2.887061;2.423797e+00;0.461931;3.260550e-01;0.201808;0
915/755/915.jpg;3.982848;1.038227e+00;0.391672;5.694796e+00;4.626646;2.845320e+00;0.484303;3.358153e-01;0.193936;0
915/756/915.jpg;6.656319;3.254013e-01;-0.025132;3.191856e+00;2.787155;1.531389e+00;0.312274;2.041070e-01;0.138708;0
915/757/915.jpg;6.027522;3.391162e+00;1.810151;4.725398e+00;4.563577;2.496667e+00;0.028006;1.540570e-02;0.033051;0
915/758/915.jpg;8.222596;4.795013e-01;0.801796;3.018513e+00;2.287414;1.426097e+00;0.058604;2.723158e-02;0.037219;0
916/759/916.jpg;3.023414;7.181219e-01;0.419491;7.627350e+00;5.612101;3.891481e+00;0.317534;2.206881e-01;0.148284;0
916/760/916.jpg;6.338250;4.034718e+00;3.408168;6.831798e+00;6.501978;4.116385e+00;0.092677;4.775791e-02;0.044189;0
916/761/916.jpg;5.804461;1.343432e-01;-0.287854;2.607306e+00;2.379435;1.403992e+00;0.150657;7.529803e-02;0.055257;0
916/762/916.jpg;8.522746;1.450957e+00;2.731120;5.158427e+00;4.824412;3.008521e+00;0.021677;1.044976e-02;0.030760;0
916/763/916.jpg;4.518165;1.779427e-03;-1.306703;1.474716e+01;7.447893;7.579809e+00;0.063894;6.022560e-02;0.056580;0
917/764/917.jpg;4.538274;-2.335149e-02;1.651964;1.093744e+01;8.688754;5.767993e+00;0.223711;1.420756e-01;0.092698;0
917/765/917.jpg;4.368555;6.239922e+00;0.294190;7.006930e+00;6.086449;3.800044e+00;0.309766;1.791035e-01;0.100611;0
917/766/917.jpg;8.009995;1.125329e+00;0.633925;4.471246e+00;3.960047;2.545936e+00;0.288881;1.503673e-01;0.084173;0
917/767/917.jpg;6.351597;3.372161e+00;2.342350;6.952524e+00;6.272326;4.035614e+00;0.030588;2.566006e-02;0.038861;0
917/768/917.jpg;6.096133;1.618151e+00;1.185531;2.511893e+00;2.477125;1.280043e+00;0.147513;9.974397e-02;0.077795;0
918/769/918.jpg;1.612711;1.046769e-02;0.477745;3.545394e+00;3.231288;2.750781e+00;0.424805;2.937341e-01;0.174483;0
918/770/918.jpg;5.538241;-1.692708e+00;3.928826;7.048978e+00;6.361449;4.345322e+00;0.187175;1.794931e-01;0.160079;0
918/771/918.jpg;4.332813;-1.624609e+00;-3.693973;3.424846e+00;4.214826;2.065325e+00;0.632977;8.106074e-01;1.119436;0
918/772/918.jpg;4.889315;4.195066e+00;2.703464;7.168160e+00;6.528726;3.804553e+00;0.261075;1.992999e-01;0.133207;0
918/773/918.jpg;4.729076;-1.479498e-01;0.076553;1.405653e+01;12.104587;7.588409e+00;2.341936;4.973459e+00;9.184115;0
918/774/918.jpg;8.111909;7.778918e-01;1.114635;8.157357e+00;6.384233;3.900297e+00;0.431753;3.304665e-01;0.222157;0
918/775/918.jpg;7.469359;-3.275271e-01;-0.772349;1.073699e+01;8.246054;5.399843e+00;0.665535;5.622148e-01;0.387898;0
918/776/918.jpg;7.122875;2.956786e+00;4.188625;5.105089e+00;5.264326;3.165549e+00;0.117249;7.094996e-02;0.056347;0
918/777/918.jpg;2.424669;2.270716e-01;0.725289;1.204320e+01;10.266221;7.506050e+00;0.405307;2.931643e-01;0.181558;0
918/778/918.jpg;7.509040;2.116428e-01;3.649423;4.861905e+00;5.293491;2.986326e+00;0.365745;2.640361e-01;0.174014;0
918/779/918.jpg;6.469137;-2.441814e+00;-3.744967;2.600590e+00;3.250476;1.579934e+00;0.270818;3.574768e-01;0.445871;0
918/780/918.jpg;5.618208;7.187030e+00;2.803902;5.350849e+00;5.407550;3.029196e+00;0.051385;3.417177e-02;0.041527;0
919/781/919.jpg;6.151582;-1.978929e+00;3.546684;9.481726e+00;6.858776;4.772089e+00;0.347290;3.443373e-01;0.281659;0
919/782/919.jpg;4.304486;1.153170e+00;1.725663;1.030535e+01;5.395144;3.680940e+00;0.448625;3.350661e-01;0.235186;0
919/783/919.jpg;7.562196;1.488471e+00;-0.265672;5.571126e+00;3.883638;2.945682e+00;0.934511;9.619094e-01;0.808239;0
919/784/919.jpg;6.679198;2.658367e+00;4.250453;3.887017e+00;3.309319;2.015395e+00;0.308823;2.347198e-01;0.155934;0
919/785/919.jpg;7.795490;1.398450e+00;2.535802;5.070437e+00;4.017816;2.585279e+00;0.143764;7.748567e-02;0.056648;0
919/786/919.jpg;4.129710;4.265108e+00;2.116356;7.412995e+00;5.066321;3.352936e+00;0.381081;3.429278e-01;0.261381;0
919/787/919.jpg;8.679006;-1.999247e-01;0.221436;4.704714e+00;2.908223;2.232647e+00;0.267872;1.552895e-01;0.092015;0
920/788/920.jpg;4.846370;1.854550e+00;-2.133548;4.428599e+00;4.364555;3.858817e+00;2.038951;4.156257e+00;7.237817;0
920/789/920.jpg;4.985285;4.432376e+00;2.267249;5.104558e+00;6.118699;3.660936e+00;1.082716;1.412035e+00;1.647958;0
920/790/920.jpg;8.171033;1.216952e+00;3.155558;2.218652e+00;2.757750;1.291315e+00;0.088088;6.508789e-02;0.058058;0
920/791/920.jpg;5.123920;8.608862e-01;2.397319;6.756106e+00;12.783644;5.468830e+00;0.483214;4.777862e-01;0.429221;0
920/792/920.jpg;5.601651;-1.180620e+00;4.072771;5.207006e+00;6.162312;3.418869e+00;0.313144;2.200190e-01;0.141053;0
920/793/920.jpg;7.211166;2.936681e+00;4.534827;2.810376e+00;2.932720;1.733389e+00;0.355918;2.407796e-01;0.152242;0
920/794/920.jpg;8.850785;4.600284e-01;1.165022;3.188210e+00;4.530826;2.064506e+00;0.223265;1.333591e-01;0.084322;0
920/795/920.jpg;5.041616;9.205967e+00;1.048933;3.924521e+00;3.983718;3.026384e+00;0.662519;6.989241e-01;0.693823;0
920/796/920.jpg;5.368651;-2.690575e+00;-3.196428;4.668060e+00;4.522370;3.455666e+00;0.926759;1.452260e+00;2.449502;0
920/797/920.jpg;6.363464;6.074168e+00;3.597678;3.347890e+00;3.181895;2.490677e+00;0.687864;6.510216e-01;0.514083;0
921/798/921.jpg;3.253185;2.502093e-01;0.541228;3.672230e+00;2.694374;1.948014e+00;0.317229;1.938518e-01;0.112328;0
921/799/921.jpg;3.905170;4.895428e+00;0.298701;5.552715e+00;3.792852;2.881746e+00;0.409141;3.260238e-01;0.242442;0
921/800/921.jpg;7.597452;6.065539e-01;-0.164269;4.835731e+00;3.147970;2.425478e+00;0.478204;3.854603e-01;0.261611;0
921/801/921.jpg;5.156651;8.155351e+00;0.380524;6.680761e+00;4.532523;3.071348e+00;0.615267;5.498353e-01;0.420740;0
921/802/921.jpg;5.370739;9.989608e-01;1.521548;8.805660e+00;9.230524;5.258716e+00;0.463996;3.486934e-01;0.215321;0
921/803/921.jpg;6.361946;5.208099e+00;1.003422;9.851134e+00;6.408500;4.153621e+00;0.253971;1.967397e-01;0.140960;0
921/804/921.jpg;7.766216;2.670543e+00;2.548046;5.798220e+00;4.729701;3.001425e+00;0.031703;2.522184e-02;0.039630;0
921/805/921.jpg;5.156005;1.130989e+01;0.265502;2.405832e+00;1.720074;1.457417e+00;0.407044;3.126527e-01;0.200888;0
922/806/922.jpg;2.956334;6.024274e-01;0.731906;4.145140e+00;3.190502;2.377237e+00;0.901373;8.951329e-01;0.687222;0
922/807/922.jpg;7.262607;1.622209e+00;2.608138;6.052361e+00;5.785229;3.581075e+00;0.354404;2.379379e-01;0.142088;0
922/808/922.jpg;5.144751;4.299281e+00;2.488754;6.395153e+00;5.346126;3.466803e+00;0.182340;1.092167e-01;0.073547;0
922/809/922.jpg;5.916758;-1.494723e+00;3.742777;6.348024e+00;9.450097;4.258160e+00;0.508769;5.501574e-01;0.517404;0
922/810/922.jpg;4.973688;2.116204e+00;2.657716;7.407924e+00;5.969235;3.728449e+00;0.531667;4.104214e-01;0.259096;0
922/811/922.jpg;8.513560;1.055324e+00;1.749712;4.686421e+00;4.372343;2.905879e+00;0.335940;2.121732e-01;0.120886;0
922/812/922.jpg;4.455428;7.921698e+00;0.973836;5.940749e+00;5.142814;3.569799e+00;0.064163;4.098371e-02;0.044091;0
922/813/922.jpg;7.801512;1.631021e+00;4.640173;3.154668e+00;2.564682;1.582345e+00;0.231137;1.457004e-01;0.096382;0
922/814/922.jpg;4.426002;-6.786782e-02;2.171367;9.091221e+00;8.604333;4.948799e+00;0.873286;9.340335e-01;0.819003;0
